111
114
101
87
236
176
112
191
106
112
109
68
81
112
81
104
92
95
58
98
97
88
95
80
82
97
102
93
87
86
101
82
114
110
92
113
114
99
119
132
124
94
122
179
241
48
113
77
107
73
64
261
96
84
64
72
68
96
62
56
72
56
90
89
168
165
138
144
130
344
146
143
251
135
135
147
125
138
138
124
131
144
132
143
127
99
143
134
140
144
125
133
117
106
133
125
132
149
131
127
139
131
137
74
83
116
137
124
303
71
86
77
131
155
120
445
92
99
103
107
110
135
111
138
120
135
142
137
174
153
127
149
136
154
353
109
68
491
119
120
123
127
113
119
138
130
126
134
130
126
132
125
134
127
116
119
122
110
121
126
128
128
130
123
114
105
116
112
130
126
112
91
117
209
129
106
74
76
80
444
111
76
80
69
100
115
100
63
61
73
88
81
123
120
106
115
99
133
122
211
131
114
242
90
115
128
139
132
119
150
136
128
121
141
139
133
124
105
57
95
78
97
78
113
84
101
136
136
134
132
120
128
142
125
138
145
124
135
233
150
159
113
116
141
282
128
143
128
122
153
121
119
59
48
70
65
114
88
119
123
91
118
98
87
297
103
103
348
106
109
120
99
105
137
122
106
103
92
105
114
113
62
60
74
84
63
108
90
105
123
99
110
107
72
79
81
93
78
88
101
100
104
89
367
125
115
106
97
222
181
112
116
114
124
107
102
109
98
109
96
104
82
104
130
125
129
128
135
148
321
137
133
309
127
133
116
139
135
124
133
132
137
124
140
125
129
128
135
107
122
112
109
130
105
107
86
97
103
92
92
104
101
95
106
79
103
96
86
216
100
105
104
240
101
104
118
105
113
121
102
131
133
126
108
136
128
114
144
124
152
136
132
122
130
558
254
377
511
323
130
135
125
90
134
126
129
130
133
132
118
136
115
118
129
114
110
117
127
126
123
108
130
133
129
129
121
132
120
109
136
147
100
157
441
84
81
207
267
292
99
99
110
88
67
63
82
78
86
156
101
105
109
92
91
82
66
68
103
99
323
94
103
283
84
146
111
133
138
131
140
141
123
123
137
107
121
115
111
119
91
145
126
77
78
71
97
100
94
104
118
100
135
103
93
75
74
131
138
230
137
201
129
126
123
123
142
131
123
122
110
119
115
2606
145
133
125
123
164
152
146
131
86
114
110
326
132
113
344
139
145
125
150
121
151
136
142
124
134
84
54
72
97
77
96
110
117
133
137
130
132
125
127
128
136
122
130
129
127
136
131
141
107
110
295
224
119
140
147
144
136
141
120
131
108
145
106
141
91
88
101
113
119
110
113
97
85
120
131
135
365
101
102
259
119
129
110
107
112
94
103
118
113
98
102
108
109
102
93
119
124
115
111
101
113
77
109
100
107
99
84
67
98
101
112
124
101
108
130
303
113
117
105
91
122
117
113
110
89
101
85
230
150
130
150
130
176
130
148
137
151
152
145
142
150
355
141
161
369
148
113
140
158
157
151
162
151
154
139
142
137
150
146
144
159
145
154
146
134
149
152
140
147
150
142
128
118
148
145
145
66
110
140
298
247
150
150
141
177
145
123
125
112
123
131
115
35
53
101
86
115
114
122
125
138
140
146
134
139
131
471
181
110
329
105
114
119
118
118
115
121
117
108
108
120
107
105
113
119
132
114
114
116
123
119
120
115
121
117
109
110
127
125
124
81
92
121
78
421
235
105
118
108
118
111
98
107
106
87
97
78
76
68
60
87
118
122
136
145
155
150
135
81
96
99
396
377
113
450
136
143
139
144
147
137
105
123
99
74
102
107
110
147
132
134
129
135
131
133
123
127
139
135
105
138
140
118
136
107
103
104
95
215
143
428
137
161
134
141
130
136
135
119
160
138
135
128
135
156
134
140
141
135
132
122
117
133
119
108
228
343
171
129
332
128
134
126
132
126
134
139
104
135
133
95
90
141
138
139
126
140
118
82
84
79
86
146
93
130
134
122
152
112
85
138
129
310
62
70
323
93
78
67
61
72
62
83
74
101
94
108
92
123
105
88
120
117
129
121
138
151
134
126
257
155
334
298
156
322
137
135
145
121
132
120
97
86
57
75
66
83
66
65
75
126
116
130
132
138
137
122
118
147
129
128
137
138
115
122
116
450
125
115
132
281
97
100
83
126
135
132
150
162
122
137
124
153
140
122
136
148
135
137
117
141
130
127
131
139
137
264
134
140
394
126
126
140
65
46
62
88
53
76
69
65
75
76
74
96
107
107
65
66
57
64
51
77
96
122
127
84
69
95
79
190
48
82
96
88
270
76
73
58
70
65
119
84
95
126
117
141
125
137
137
138
134
133
117
152
153
147
211
281
129
126
357
169
141
216
121
125
129
107
120
115
111
85
82
79
83
75
95
101
106
67
79
99
87
114
52
60
90
76
129
176
135
151
115
473
134
129
138
148
133
290
217
131
125
121
117
111
114
126
118
127
128
135
121
120
129
124
119
121
119
123
144
135
125
115
138
405
110
115
209
117
87
64
107
96
117
105
113
134
113
117
110
94
125
121
109
131
132
128
107
109
102
104
128
77
68
71
69
255
429
232
106
101
46
102
280
98
116
120
121
103
90
98
111
125
99
120
109
114
114
118
86
100
102
121
127
122
126
106
127
127
402
111
109
207
74
86
98
89
74
54
66
87
88
101
98
111
88
87
81
98
110
104
92
109
115
111
112
108
105
120
97
361
398
220
93
128
98
103
93
338
91
106
112
106
85
93
86
120
139
145
141
128
137
123
106
67
58
55
142
145
127
136
130
112
129
317
139
120
225
134
130
101
129
128
124
143
140
123
126
72
58
86
108
129
103
106
103
112
100
93
107
81
101
100
95
96
261
116
127
171
143
152
141
146
266
105
122
77
251
120
120
118
87
84
80
81
93
88
71
102
135
133
142
143
138
140
122
118
146
124
418
136
120
304
120
135
121
126
125
146
112
88
72
86
94
94
92
95
101
96
111
126
133
134
155
149
123
142
137
158
399
129
113
149
134
130
121
122
110
293
203
56
61
78
74
128
100
126
120
96
134
119
126
135
135
127
143
116
138
128
132
124
134
95
134
372
124
109
322
107
130
123
135
136
124
125
122
128
127
134
131
141
121
121
99
117
124
112
134
79
101
119
106
121
236
127
136
136
140
155
129
152
148
141
139
279
103
102
111
128
113
117
120
73
63
70
64
57
43
54
137
122
115
138
134
124
128
128
121
133
224
108
97
257
115
96
96
129
107
116
102
118
117
116
114
129
74
79
65
88
80
105
121
140
106
119
101
133
388
126
106
130
118
115
107
120
102
108
177
144
337
149
132
149
128
146
132
131
143
145
140
113
54
75
114
147
116
151
145
124
145
145
152
147
132
411
140
143
264
132
135
146
132
131
133
145
135
142
156
148
149
131
123
134
147
103
84
60
69
96
73
87
221
220
126
124
131
110
137
131
136
136
