146
84
74
77
253
109
104
123
82
89
86
72
71
84
65
86
81
91
80
82
76
99
86
70
66
74
90
89
67
74
85
69
101
101
104
84
2626
100
105
105
104
100
94
207
71
82
69
48
76
97
83
294
59
94
93
94
79
116
84
76
67
80
78
84
93
79
77
101
115
137
127
142
312
128
125
115
120
126
118
123
129
137
129
139
121
133
138
134
129
110
127
113
119
118
96
124
122
138
140
122
124
119
134
144
141
142
131
136
115
118
231
114
124
101
81
89
68
248
88
108
103
83
91
101
76
97
93
76
122
119
124
122
113
133
126
137
110
221
117
129
285
110
110
115
135
115
125
127
122
111
126
129
94
105
118
109
86
112
115
108
98
119
126
113
113
113
125
123
115
135
126
113
110
116
108
99
139
312
128
128
122
140
116
245
115
116
99
97
84
113
99
107
81
89
101
110
80
116
94
120
96
122
211
125
123
127
128
108
259
109
105
115
118
109
111
110
118
104
114
91
87
77
110
94
89
115
107
104
97
99
109
106
119
122
85
93
96
95
99
88
97
112
110
119
202
114
107
103
123
354
97
101
88
74
59
59
79
64
56
81
82
103
74
108
107
104
107
268
106
110
118
107
133
124
122
123
234
100
97
109
99
103
75
91
111
98
92
104
86
121
115
116
97
106
107
101
103
114
99
93
107
106
96
84
91
108
74
76
87
112
121
310
113
137
118
235
104
96
83
69
98
132
121
116
112
135
122
140
138
133
138
140
234
146
136
142
144
156
150
141
134
131
134
143
273
139
142
132
122
142
131
122
134
140
135
137
137
131
134
128
141
143
133
131
116
122
124
136
113
131
113
139
121
145
142
140
147
152
278
142
138
303
125
132
120
137
122
123
114
131
141
133
130
127
128
122
122
304
121
112
115
140
128
123
118
120
128
128
110
122
100
124
264
119
126
116
124
117
116
107
106
136
126
123
101
110
113
130
107
130
106
118
115
46
44
91
83
96
84
87
140
131
115
102
114
264
140
263
218
254
103
117
93
123
108
114
106
96
88
97
87
98
226
99
103
118
96
84
102
102
88
108
115
100
99
95
81
92
85
95
277
107
96
100
77
86
90
106
105
115
107
106
98
114
111
108
132
102
83
66
65
73
71
72
65
120
93
97
71
93
86
93
146
146
141
348
115
134
116
119
129
116
116
135
124
113
118
240
107
126
116
125
116
117
118
124
108
128
105
124
112
119
94
117
107
128
124
108
233
120
105
120
114
111
121
114
110
94
117
97
130
96
92
82
79
137
126
117
108
122
120
110
135
129
134
114
136
134
117
131
103
377
211
104
119
93
104
108
116
117
103
116
221
129
97
103
104
109
103
87
101
102
91
87
95
81
112
95
98
130
116
111
119
111
126
122
246
106
103
109
98
110
100
98
121
117
105
100
70
113
100
61
80
94
90
80
91
113
125
110
62
100
114
131
110
149
115
253
117
223
131
121
117
124
108
96
155
239
117
112
112
112
97
122
124
122
101
101
94
111
116
98
108
131
107
100
82
131
135
171
227
118
51
56
163
78
60
94
125
93
82
121
86
129
110
105
123
133
120
129
124
127
116
121
106
128
120
117
115
144
129
145
140
335
145
144
278
118
118
114
149
111
221
119
111
100
114
101
114
126
117
93
102
111
78
95
103
116
101
100
99
112
112
117
104
134
118
114
102
98
111
97
223
69
53
87
84
89
87
116
95
94
113
119
116
109
114
91
60
124
86
92
83
100
93
91
89
113
118
254
110
128
109
651
98
107
109
189
113
112
133
95
124
126
87
121
108
110
114
111
123
133
122
126
106
126
100
129
108
113
127
118
105
137
121
108
130
119
109
119
198
126
120
102
110
133
106
84
104
105
106
98
125
134
131
177
127
132
126
129
139
129
119
142
151
297
140
138
152
144
321
127
291
116
126
128
130
114
127
108
114
111
111
125
133
114
128
131
109
125
130
125
101
121
124
128
121
122
117
100
63
84
78
74
58
73
75
99
270
124
105
123
119
129
125
122
112
133
117
121
113
141
129
123
124
120
124
132
113
113
118
277
125
132
136
119
122
524
145
114
121
122
125
86
116
133
107
115
114
135
107
113
116
124
118
105
105
111
127
109
104
112
108
119
118
100
87
92
75
134
112
75
78
106
80
129
338
116
106
114
259
138
78
108
100
121
127
116
123
118
128
140
130
129
135
129
143
328
114
112
93
114
215
91
190
75
97
92
75
96
108
134
114
118
113
110
111
110
109
109
120
125
102
116
115
109
122
102
118
123
115
109
106
112
102
83
104
105
106
99
91
102
105
98
145
146
138
139
307
133
140
132
136
140
145
125
119
139
138
119
150
116
123
240
114
141
127
211
137
79
130
235
119
127
138
121
126
150
136
136
117
140
136
134
144
124
126
138
103
129
68
71
77
136
90
120
99
123
118
130
130
125
137
142
114
125
117
118
109
120
124
115
114
148
122
130
251
131
125
121
119
135
122
127
119
134
143
128
119
239
123
134
233
128
124
123
128
142
234
85
98
109
119
113
111
123
108
112
117
107
124
122
112
108
71
60
88
116
95
134
84
109
122
100
127
180
123
103
102
45
74
59
102
112
98
106
103
116
111
109
101
116
103
99
312
94
95
98
116
76
112
112
114
119
113
233
99
205
114
105
107
108
94
100
76
318
97
100
94
86
85
101
108
128
113
97
118
83
104
89
93
111
105
97
99
111
108
112
112
139
120
108
112
99
101
110
111
110
105
116
97
123
100
114
101
104
92
115
108
112
114
108
299
101
118
122
110
122
111
121
115
313
222
93
87
123
116
112
113
132
106
85
195
93
97
103
94
78
87
85
92
76
100
51
86
114
90
85
58
75
89
60
85
103
84
69
53
68
75
74
121
99
107
98
89
108
101
111
126
115
106
99
101
127
117
126
131
153
154
135
339
111
116
132
129
120
115
415
64
59
98
103
93
97
82
124
92
111
102
242
118
118
126
101
98
97
125
104
132
77
62
55
50
59
64
72
66
74
72
77
77
76
83
78
115
132
109
109
57
93
53
52
52
65
67
49
52
66
57
79
120
135
130
118
119
119
117
127
280
117
107
127
180
304
105
106
115
64
71
74
51
84
76
83
73
68
238
105
107
131
96
118
117
104
97
105
92
91
111
126
121
134
127
116
104
123
119
122
91
124
108
112
94
122
99
114
104
110
105
111
116
95
53
96
121
102
80
49
48
46
56
57
56
56
87
85
206
234
97
229
107
109
81
98
98
104
101
118
112
127
112
116
100
220
110
84
128
83
73
91
63
75
83
89
93
91
95
109
90
105
103
86
124
110
107
108
105
128
108
97
97
100
108
99
106
111
94
119
78
92
89
74
80
128
107
96
123
109
132
124
117
79
164
33
230
266
101
100
102
110
115
113
130
113
122
109
100
107
123
99
385
105
67
77
59
60
115
123
130
109
139
116
91
115
123
112
