123
120
89
106
270
332
109
350
107
109
103
90
93
115
113
85
102
116
101
94
101
123
86
107
91
81
87
85
84
86
102
106
111
129
61
109
90
66
133
114
113
119
96
299
403
134
102
85
125
86
99
231
96
89
98
89
102
117
98
58
83
93
96
85
91
116
109
101
99
367
108
315
78
87
71
68
62
64
83
72
80
89
102
97
76
75
55
59
61
76
90
98
41
75
92
79
74
103
89
92
87
73
87
89
78
87
70
73
247
87
103
100
123
100
85
106
205
87
67
74
67
70
65
70
59
51
72
98
169
143
134
144
133
141
440
133
300
140
125
139
125
131
126
136
138
138
133
134
132
116
112
146
109
100
117
102
111
116
97
113
125
157
129
139
126
139
153
153
126
156
152
154
144
311
121
112
135
128
109
107
91
290
161
130
97
87
105
89
100
116
109
98
143
151
144
70
120
153
130
282
262
117
105
100
87
64
100
120
126
130
134
142
130
140
139
114
124
129
122
131
122
123
131
128
130
129
126
122
124
138
133
133
123
128
121
134
110
119
257
128
149
153
160
117
94
134
298
145
127
147
110
133
120
108
105
96
120
123
108
126
110
148
122
127
416
152
134
113
107
121
113
79
117
138
130
125
127
127
130
125
105
119
121
124
106
109
122
112
99
138
113
108
112
125
129
110
124
146
143
131
110
129
136
247
129
133
100
71
102
119
121
306
280
117
130
126
63
89
109
107
137
152
117
126
125
145
133
120
226
260
123
128
125
126
139
125
143
125
136
128
125
142
137
128
109
134
128
103
93
130
128
119
95
129
111
107
98
114
127
127
120
124
121
129
79
78
72
98
327
82
79
71
64
119
148
154
336
144
119
138
129
123
113
99
111
145
117
134
122
156
145
139
240
135
503
119
121
130
125
120
127
121
119
130
125
126
120
134
127
128
131
124
112
109
86
72
68
77
77
84
70
90
104
107
93
101
52
126
93
130
119
152
167
236
66
130
114
129
126
129
128
330
123
130
122
105
115
105
124
108
82
122
142
125
76
122
246
132
135
354
117
117
117
113
127
117
116
108
97
101
98
84
107
89
92
113
116
116
91
106
121
108
124
114
109
121
119
113
93
92
84
92
72
89
91
96
87
97
152
340
81
90
128
118
124
140
246
371
279
221
177
93
170
158
146
155
149
96
107
97
284
114
159
151
345
105
66
72
149
131
146
163
150
145
144
151
155
135
139
144
127
124
100
119
122
125
122
100
70
86
89
116
90
75
102
120
100
106
150
126
138
152
76
278
106
129
136
134
129
162
156
313
146
149
140
142
150
140
125
118
115
151
147
130
404
121
132
120
123
506
133
105
137
130
113
110
116
132
132
113
136
120
114
121
107
103
122
120
120
108
133
126
109
121
121
127
129
126
123
128
108
130
126
141
140
134
85
93
194
80
74
68
77
98
97
99
313
221
85
85
105
126
108
106
108
139
110
133
131
369
123
132
84
100
329
79
128
111
112
111
102
108
104
71
79
122
96
105
98
98
112
102
113
100
93
62
69
76
65
84
85
113
104
66
72
81
84
99
108
99
98
94
93
316
125
129
127
132
126
114
128
221
137
101
166
155
157
139
147
176
157
141
146
480
158
150
148
145
152
331
150
152
161
154
131
128
156
153
141
149
140
148
140
142
111
107
139
153
137
144
139
126
85
150
132
140
144
137
144
114
69
95
128
77
67
116
108
110
284
164
158
134
129
147
144
144
251
273
330
116
129
123
108
130
120
120
123
340
133
127
122
131
134
131
305
131
110
119
106
97
118
111
115
120
109
110
111
118
104
111
117
103
113
118
96
112
107
68
101
128
121
112
109
110
98
97
117
96
58
105
97
110
79
217
226
150
136
142
137
145
134
274
232
157
135
136
126
158
132
136
119
283
137
136
125
108
83
78
112
314
135
135
120
134
137
130
122
120
142
115
121
118
130
122
139
141
89
68
99
137
77
129
128
126
120
123
103
106
123
123
134
76
82
97
89
124
130
152
262
153
153
113
120
112
118
111
150
293
393
134
131
144
128
135
137
303
122
128
147
146
149
145
116
154
383
131
130
119
120
128
135
134
120
104
122
119
124
106
126
134
94
87
90
97
101
125
125
130
117
123
122
123
130
120
126
119
108
124
95
119
134
132
125
404
132
132
120
137
118
126
211
149
291
236
252
141
121
115
118
280
120
112
115
134
132
116
136
145
130
249
108
96
102
120
109
114
110
123
101
104
88
102
71
57
77
129
104
109
111
116
111
121
58
85
108
91
110
108
117
124
104
115
102
97
111
107
77
116
255
103
116
113
111
108
98
89
76
212
92
211
128
125
123
243
141
119
117
110
129
100
67
135
119
120
284
275
106
106
108
124
107
102
115
123
112
119
128
118
120
107
121
121
119
128
108
122
121
114
112
126
108
106
114
79
66
72
107
141
132
134
147
152
143
304
123
117
119
115
73
80
70
119
273
177
124
114
124
111
295
117
117
126
144
126
158
156
141
138
130
420
139
124
111
123
63
61
98
97
81
107
110
108
75
103
98
105
105
126
116
122
110
125
106
117
115
104
124
125
109
124
81
52
56
81
103
158
128
138
480
116
87
47
124
127
138
145
135
296
113
127
120
111
227
107
97
102
109
96
115
132
124
113
112
129
260
88
87
79
65
93
73
124
109
112
114
121
108
127
84
125
91
72
95
85
108
113
96
106
106
95
117
139
109
61
60
59
93
107
101
112
105
87
96
307
103
113
120
63
69
75
89
102
236
117
108
125
196
141
129
141
132
138
170
166
153
145
149
149
151
480
140
141
134
118
135
132
135
127
137
141
128
147
106
128
140
139
133
139
106
73
90
116
93
92
119
94
89
109
96
99
76
98
143
148
133
106
79
140
383
123
193
78
54
69
84
91
78
229
71
60
264
64
55
74
55
70
149
132
138
132
96
134
128
129
406
203
91
107
106
122
126
96
60
61
60
72
93
100
136
77
83
86
105
107
83
93
103
96
133
120
87
89
93
115
107
119
98
142
146
140
122
124
123
289
394
139
125
142
134
152
133
141
332
120
210
120
114
120
94
62
132
111
122
120
117
113
112
126
118
399
107
107
110
113
98
105
104
120
117
102
106
119
107
112
114
115
111
114
93
116
116
91
115
118
77
102
83
96
107
91
94
130
90
77
117
129
117
101
82
236
109
79
76
105
94
103
116
321
299
118
138
110
121
104
143
132
116
144
159
160
162
145
165
144
281
287
117
125
137
131
134
115
100
115
99
84
70
86
90
147
141
141
122
134
128
128
157
80
100
99
104
108
91
60
76
114
117
91
83
120
143
64
99
112
260
150
152
159
158
162
162
146
527
131
136
121
117
122
135
137
139
137
118
137
127
131
140
90
105
247
100
108
96
123
132
130
97
132
126
131
118
131
131
105
60
64
61
70
78
81
87
115
65
73
58
72
80
64
73
106
81
79
94
102
116
112
