95
92
93
84
80
201
95
81
91
88
89
89
57
88
200
89
108
108
106
121
111
117
117
114
139
115
225
94
77
100
102
96
87
91
118
79
99
89
101
85
89
111
95
98
80
111
76
86
93
104
95
96
72
100
91
79
85
77
85
89
84
73
91
72
68
77
78
92
74
79
295
91
173
79
79
65
78
58
101
257
77
74
70
74
93
86
85
74
95
95
199
71
78
78
83
77
71
66
89
68
67
97
105
113
111
104
118
102
102
103
112
110
90
126
122
118
104
127
114
122
120
119
106
120
112
106
106
101
115
111
114
122
119
100
109
200
113
219
106
105
110
79
61
70
291
75
52
82
55
59
76
59
99
72
59
114
70
64
82
73
54
132
73
64
51
59
68
54
68
78
58
61
63
70
74
69
58
74
63
76
69
64
84
56
70
54
67
65
51
64
64
57
71
63
81
69
55
77
55
106
268
63
178
69
61
47
73
57
97
237
92
86
123
115
121
108
89
122
103
293
70
105
92
73
73
100
75
76
49
53
67
66
62
86
68
55
53
61
77
51
72
55
82
64
26
68
70
90
131
86
72
83
49
140
66
56
69
83
72
75
56
71
87
62
87
213
92
203
74
65
69
96
58
85
231
83
76
88
71
70
91
51
62
197
59
73
69
57
65
83
92
74
63
65
76
60
70
61
78
86
67
65
87
74
74
82
79
82
70
73
73
58
78
69
86
73
80
70
62
77
67
81
68
71
69
83
82
84
64
72
269
75
166
71
68
68
90
82
79
240
76
73
75
71
76
69
58
185
58
85
63
68
66
63
89
75
59
50
62
67
74
64
66
76
58
62
108
56
73
91
79
71
76
81
69
48
53
79
72
115
83
105
77
80
58
63
79
71
66
58
75
73
80
74
95
231
80
262
57
80
84
79
60
64
254
84
74
58
82
78
68
175
48
66
68
45
55
70
90
66
66
62
60
58
61
63
72
63
53
58
61
25
68
75
64
67
57
63
113
116
121
116
122
127
110
140
113
89
103
101
78
80
78
110
100
117
83
110
127
108
256
84
267
97
129
134
127
112
112
212
93
105
104
102
84
267
75
95
84
89
68
122
87
105
74
72
76
93
92
86
60
82
65
65
75
64
82
94
82
71
69
92
83
73
96
88
90
84
66
79
61
74
55
71
56
64
51
55
54
57
83
91
85
76
47
175
72
190
101
78
69
71
62
78
205
51
71
88
94
232
97
114
118
97
87
101
78
59
62
54
50
67
52
73
48
69
52
60
62
51
74
60
70
78
66
61
68
55
65
63
65
62
65
55
52
63
78
107
104
120
100
111
112
120
131
135
135
123
117
123
285
103
354
118
111
116
105
112
119
223
119
118
105
296
79
117
116
115
76
120
84
69
51
63
75
73
86
75
88
56
73
61
74
58
75
80
78
70
65
76
71
63
90
64
70
82
61
72
113
100
91
106
91
96
51
108
103
87
101
122
114
110
107
108
107
220
107
140
110
95
95
110
115
100
208
83
85
91
162
83
91
96
97
98
78
49
64
89
79
96
72
104
86
105
56
103
77
69
102
110
93
88
91
70
95
91
88
84
61
84
83
90
82
72
122
129
115
75
45
61
75
71
65
84
77
63
73
96
84
110
238
97
288
136
133
141
133
123
129
298
101
102
207
100
84
99
101
130
78
64
57
68
60
64
61
71
73
59
41
84
56
79
64
71
76
64
61
69
56
67
78
58
69
74
58
50
57
59
73
100
84
84
74
94
86
76
78
90
126
108
113
116
125
116
127
220
117
239
109
124
141
130
118
142
276
133
290
120
99
116
115
129
97
84
75
61
80
73
90
72
87
83
70
95
88
72
85
94
93
111
86
77
74
52
102
86
96
73
57
95
66
82
71
70
63
73
61
87
115
110
97
91
107
128
129
128
137
141
142
143
360
119
231
109
123
121
121
114
116
268
222
96
91
100
103
122
84
81
58
66
54
71
71
46
64
72
58
80
63
50
77
84
76
83
59
63
73
54
63
58
74
57
47
60
56
57
59
111
108
107
111
123
114
90
118
113
116
107
106
108
103
110
132
117
123
210
115
318
128
133
134
120
118
111
344
105
89
94
97
117
93
55
67
52
85
83
71
86
79
84
64
79
71
55
81
86
83
83
73
84
79
72
83
63
71
88
68
93
55
55
63
70
75
84
52
61
71
53
72
70
69
53
66
46
59
70
80
135
149
136
254
123
251
125
134
126
112
128
243
231
115
109
114
125
82
53
45
48
57
65
63
62
58
59
56
58
73
46
60
81
50
55
64
72
74
60
98
125
130
118
120
131
119
117
97
110
98
111
81
100
98
99
109
106
111
102
96
53
63
95
69
88
90
87
86
247
58
210
77
83
78
72
200
68
249
70
87
123
61
71
59
52
61
76
76
70
78
57
46
78
74
59
67
77
79
66
66
49
54
64
80
74
65
76
47
63
59
64
57
68
67
75
44
40
59
66
66
63
69
86
76
59
55
84
82
90
122
115
110
124
264
122
262
140
117
86
209
74
66
191
57
56
75
72
51
65
67
57
64
75
50
69
34
43
74
107
107
100
117
121
96
105
123
108
114
105
120
97
80
100
114
85
146
104
138
114
122
138
131
131
111
128
142
142
135
112
130
140
145
143
124
140
140
112
124
265
69
180
73
68
74
220
45
73
214
142
86
50
67
64
61
78
60
65
68
66
58
59
70
66
64
93
77
77
49
69
76
70
76
52
70
57
67
84
72
64
69
102
90
75
72
83
73
97
77
99
84
84
89
87
97
85
104
100
98
95
99
77
102
83
295
83
212
95
81
194
87
106
87
262
92
63
70
53
70
84
100
67
99
90
81
86
100
57
92
100
75
95
89
85
87
84
92
69
79
88
86
92
101
88
83
82
74
70
54
71
75
54
67
76
54
60
57
47
59
84
108
119
143
217
138
131
146
113
140
275
105
214
112
242
88
96
98
102
274
75
70
73
77
95
86
54
84
80
74
90
78
96
78
64
69
75
64
58
76
96
102
86
101
113
100
109
96
93
109
133
102
127
115
118
122
126
118
114
118
71
94
81
77
117
77
105
87
81
83
89
98
98
96
78
219
90
119
213
101
72
94
108
104
203
78
79
81
93
101
77
82
87
73
67
77
75
94
87
82
93
87
83
92
69
104
82
83
96
70
83
69
82
84
86
79
65
68
46
89
76
77
60
72
69
88
82
72
60
73
71
65
69
74
76
107
83
95
68
94
199
79
322
87
57
52
73
98
80
193
59
69
71
78
78
93
85
43
69
115
117
144
145
122
136
126
140
142
136
136
116
125
143
132
148
130
113
85
80
131
129
123
132
127
135
139
123
133
131
116
131
127
126
147
124
132
131
129
113
133
139
130
130
129
123
217
197
242
116
112
162
85
70
64
179
92
67
76
98
76
79
81
72
88
70
88
78
90
97
81
90
71
68
92
85
98
80
83
81
131
120
