83
81
94
81
99
182
90
91
111
97
105
98
85
85
150
114
129
103
111
110
101
136
120
137
134
117
208
86
75
108
100
94
115
118
135
91
97
93
97
106
75
107
95
98
84
90
105
93
107
103
113
122
108
107
108
109
123
105
105
109
97
111
101
111
110
107
109
110
80
269
108
118
97
97
104
96
98
102
107
259
96
100
109
117
124
90
80
77
101
88
74
208
62
74
66
70
74
91
64
76
61
64
67
72
63
57
78
68
72
89
77
57
77
71
63
60
64
74
66
70
64
70
61
61
81
109
89
77
92
105
74
99
82
305
103
96
94
241
127
101
96
116
117
99
353
103
101
107
86
127
111
127
111
123
123
107
248
79
103
77
97
104
97
77
79
71
88
86
89
63
59
75
58
81
88
63
93
80
86
87
86
89
74
93
86
77
81
76
66
84
77
66
76
53
74
80
68
49
225
88
58
49
180
58
80
73
64
75
95
192
69
55
66
85
70
89
68
73
75
60
77
194
60
57
84
122
81
70
51
66
64
59
46
67
61
59
53
72
61
43
73
62
70
56
78
97
104
101
114
93
91
97
84
78
74
55
144
99
77
88
72
82
127
62
119
127
128
203
127
135
115
129
142
109
243
143
133
131
127
134
133
122
135
122
114
131
213
114
145
133
95
58
49
63
53
65
66
75
53
55
65
59
74
64
65
77
56
80
66
56
66
62
73
67
65
85
66
55
77
58
48
66
61
74
88
125
177
103
120
119
89
103
246
125
87
133
126
128
128
371
114
104
95
123
69
55
57
56
74
69
73
166
44
67
79
59
63
56
56
52
57
78
61
60
70
104
114
102
111
132
108
102
106
105
112
115
111
116
104
113
106
92
110
104
129
137
123
106
92
100
263
113
114
107
105
108
112
234
74
112
120
126
122
120
177
70
54
62
61
71
66
59
67
57
74
65
158
58
86
65
53
58
60
66
59
64
53
69
66
57
68
57
65
80
70
63
63
76
61
61
64
56
74
74
89
129
110
101
150
147
142
139
121
143
308
124
140
85
134
134
140
142
339
135
116
89
106
98
85
317
93
99
99
87
100
78
75
93
101
73
92
283
117
87
89
51
86
81
78
97
99
95
60
91
86
87
83
80
91
88
84
73
84
91
136
128
140
138
116
132
125
119
140
149
125
129
116
131
296
123
127
126
129
127
116
141
137
233
107
82
72
84
88
91
237
84
96
77
66
88
77
59
91
76
48
90
215
73
47
69
67
61
60
70
61
58
52
60
72
65
76
77
66
69
83
83
91
75
83
91
89
89
71
85
90
71
81
70
67
81
54
75
176
67
108
103
122
112
117
118
102
123
227
124
115
122
94
126
76
338
124
122
95
97
59
64
46
56
44
81
68
162
56
51
60
48
61
62
65
58
40
69
40
41
102
120
118
118
115
118
108
119
115
99
127
116
102
96
129
157
116
129
106
106
79
70
248
57
75
74
88
66
64
57
73
65
74
178
56
81
60
74
72
71
214
97
90
65
87
83
104
99
89
105
81
75
186
67
74
49
69
62
59
62
57
64
62
46
71
63
84
70
60
83
76
57
95
59
66
77
52
50
55
53
86
87
70
61
82
76
75
198
65
73
80
75
78
92
74
86
94
85
205
64
73
79
94
82
72
213
59
77
72
70
79
60
76
91
80
64
73
152
78
62
104
106
105
108
94
87
112
90
119
110
112
97
97
124
118
105
112
93
111
113
89
98
101
92
120
112
92
91
81
110
118
227
60
83
85
65
89
78
94
76
101
95
86
217
100
103
104
90
109
100
186
93
81
58
83
106
36
111
86
79
83
68
192
57
79
93
51
75
68
69
68
58
66
68
69
72
63
56
59
76
78
63
75
63
53
74
65
44
66
55
36
42
66
49
63
278
45
53
56
51
48
53
30
64
61
58
64
58
161
60
52
62
59
62
64
178
41
49
46
50
47
80
49
53
59
52
61
308
50
64
46
66
47
54
58
48
61
42
59
40
106
112
107
113
98
94
111
116
105
119
107
96
118
113
117
118
106
112
107
316
68
71
67
59
48
65
69
74
58
80
59
69
65
235
73
61
68
72
54
54
187
62
60
38
35
78
82
59
64
77
55
78
196
68
75
51
54
51
74
33
74
78
56
75
39
59
97
51
76
65
56
62
49
74
62
40
16
62
55
57
75
55
53
191
45
52
55
61
63
48
56
64
88
71
62
64
56
77
167
68
58
55
49
67
59
192
51
25
44
63
92
58
43
48
71
46
52
194
52
60
36
63
49
56
38
49
92
64
45
46
54
53
54
48
73
42
33
58
47
52
56
82
79
75
62
88
58
203
46
80
70
67
70
61
68
62
88
93
79
68
73
72
76
273
62
57
53
64
85
80
187
63
54
69
69
65
55
63
70
86
72
52
243
71
58
78
61
41
60
70
76
73
69
71
76
54
57
61
79
77
60
65
71
68
87
61
57
75
54
63
70
199
52
58
51
63
51
65
58
63
85
69
107
52
57
82
63
56
223
62
68
53
90
78
42
219
50
74
81
46
57
42
66
61
63
60
57
168
43
62
65
44
69
57
58
58
46
62
49
54
47
55
57
56
61
48
56
48
68
58
76
50
76
64
83
210
65
74
62
68
70
59
65
57
72
68
68
66
63
51
86
53
68
221
70
70
44
67
60
62
209
80
77
53
40
68
43
78
48
91
67
63
202
54
75
52
59
60
62
60
65
53
86
54
64
49
58
56
59
61
67
54
82
105
95
55
60
80
68
100
292
98
86
100
76
86
76
63
102
84
113
91
81
78
105
77
71
69
167
69
83
82
99
92
87
230
82
82
78
83
76
75
86
74
100
84
74
210
108
63
87
88
91
80
78
105
78
93
84
68
86
83
78
66
83
74
87
100
78
76
49
88
65
64
172
66
59
59
74
55
50
50
66
78
66
76
59
69
69
58
73
66
69
171
38
59
55
56
72
87
230
60
51
53
44
60
50
61
73
99
99
98
217
89
83
93
86
96
78
73
77
88
88
64
82
55
70
91
74
62
80
72
64
56
50
63
54
63
193
63
67
58
69
74
47
56
88
57
67
58
41
65
63
56
59
65
65
59
169
69
75
71
63
96
79
177
64
47
55
66
63
65
57
68
62
79
79
170
71
62
62
66
50
56
49
58
69
44
76
113
131
121
120
128
112
147
133
126
123
134
104
123
361
112
130
115
111
117
115
109
113
128
125
106
101
115
119
119
121
118
116
101
99
298
116
99
101
110
82
48
189
44
69
85
68
66
85
63
59
92
67
64
212
88
75
57
64
83
95
59
66
82
61
77
46
52
60
57
98
94
61
70
72
91
94
83
206
77
93
83
80
80
68
86
90
88
76
78
76
72
73
67
73
73
82
85
78
90
194
88
76
92
87
74
84
174
66
79
78
56
74
71
72
74
80
76
80
286
62
79
58
77
73
84
80
57
80
73
64
78
83
62
