98
112
102
112
80
236
90
129
100
91
111
101
86
72
205
102
113
101
113
117
123
138
136
123
108
111
237
82
87
83
76
86
86
100
96
118
123
90
88
90
108
138
104
92
91
92
108
106
113
99
103
103
99
111
112
97
99
99
102
101
87
92
73
80
87
118
116
104
114
107
277
113
209
118
113
100
110
120
201
94
116
128
115
121
124
66
71
85
106
88
84
165
68
73
58
60
70
95
100
86
69
71
60
97
73
118
106
111
77
102
123
94
125
131
119
93
97
112
107
115
105
124
108
107
109
77
76
71
81
52
51
73
62
65
77
210
82
210
71
90
77
79
173
62
75
65
73
69
55
55
77
76
66
78
94
73
184
74
68
67
55
73
90
57
50
65
64
74
78
59
80
60
68
59
68
61
63
81
78
74
73
73
61
65
75
96
89
103
101
95
108
66
123
125
98
103
80
101
105
118
257
110
218
97
88
97
284
65
95
80
85
85
77
86
108
104
104
109
102
84
85
223
89
54
88
82
80
65
65
57
58
63
79
56
63
74
49
68
54
71
83
92
77
88
88
91
85
79
82
70
82
78
59
84
72
73
74
79
89
70
70
92
106
85
103
316
137
287
135
124
263
95
141
137
149
127
133
132
134
133
139
137
125
106
115
119
248
111
114
122
107
74
71
72
71
73
86
93
71
73
68
103
97
77
100
98
68
90
71
86
90
71
78
78
77
92
83
80
89
87
89
111
79
68
81
98
58
103
82
101
285
87
216
78
229
79
89
89
85
93
81
93
93
86
80
85
72
72
103
79
82
275
74
87
97
79
67
77
83
84
63
82
87
73
88
107
95
121
126
145
119
135
126
130
124
128
132
109
125
120
108
116
100
110
106
120
126
87
112
99
103
119
118
104
100
185
108
181
116
191
113
111
120
115
115
113
117
103
113
103
121
134
113
110
121
88
239
106
75
61
57
51
64
65
69
51
46
62
52
61
60
56
56
64
66
74
41
66
44
50
52
46
54
56
55
45
54
42
127
123
112
136
115
130
128
139
145
146
132
142
191
115
235
183
108
85
83
122
82
95
105
68
93
81
90
75
79
100
101
71
89
223
106
73
74
48
83
76
96
88
67
86
64
89
108
73
102
89
107
85
69
97
104
96
128
111
96
102
88
106
89
76
90
90
76
80
76
81
93
96
95
93
98
99
125
281
116
306
132
135
113
93
118
142
117
110
109
120
98
106
118
97
92
118
106
127
235
83
62
60
68
65
76
96
80
76
61
71
76
61
72
55
73
76
69
78
77
75
70
83
81
77
69
63
70
78
87
88
83
95
50
74
97
91
86
94
103
81
95
96
229
300
245
91
101
87
63
88
90
82
72
84
79
67
85
93
88
68
71
120
89
196
68
71
69
73
84
85
79
96
74
69
82
66
91
104
90
82
96
99
97
94
85
72
92
91
98
103
86
97
73
91
77
70
58
68
67
76
72
82
77
70
93
77
97
391
155
159
77
68
90
67
58
64
72
58
49
49
53
60
62
70
63
66
75
83
188
59
55
69
79
66
73
73
57
74
58
58
75
62
80
72
65
83
72
64
57
66
71
73
62
62
48
66
108
72
89
92
76
90
110
106
114
131
136
126
123
140
142
239
263
97
194
92
99
106
80
99
94
101
82
74
99
75
86
109
78
96
89
88
73
185
56
95
80
83
81
89
82
76
78
71
95
78
80
93
84
97
87
80
99
56
84
97
77
70
72
75
57
76
84
64
35
49
69
77
63
62
73
88
79
72
68
282
93
234
64
199
57
60
57
65
70
47
57
50
35
65
58
46
48
73
69
64
76
88
235
69
48
59
46
68
58
65
64
46
125
58
60
62
63
59
69
48
77
79
77
79
63
72
77
64
131
100
117
122
120
90
119
129
123
113
120
141
81
71
50
214
90
84
205
89
202
87
83
81
66
56
72
72
53
86
63
75
99
115
65
65
67
61
74
248
84
80
73
68
54
78
66
56
68
69
59
73
47
77
70
73
66
49
53
75
73
54
69
61
63
75
83
65
42
73
91
99
95
102
107
115
109
128
111
140
306
109
106
190
90
151
93
92
90
79
76
82
81
85
83
72
83
98
72
45
46
58
68
62
256
56
54
55
36
68
75
37
63
76
52
64
43
67
49
51
54
58
38
41
38
60
44
43
62
51
63
71
48
56
61
70
62
64
47
104
90
62
75
58
257
86
69
58
277
66
198
47
75
53
55
47
62
82
56
57
55
69
80
71
45
55
67
73
76
214
116
107
102
98
109
99
116
119
105
127
101
99
123
115
108
101
116
74
94
108
103
104
158
154
131
143
144
132
132
135
142
145
132
132
133
145
136
200
381
120
89
70
99
205
60
193
72
70
71
107
82
73
81
68
68
82
86
63
61
65
61
72
60
85
260
59
57
83
59
48
67
76
72
63
57
70
59
66
75
73
74
56
70
70
44
48
67
61
66
68
59
48
71
64
61
69
72
77
53
60
77
83
219
86
73
74
90
77
225
71
235
60
53
48
82
47
75
56
74
73
86
53
54
47
110
117
121
74
80
197
51
78
64
40
44
76
65
58
58
76
71
61
79
90
99
104
72
92
91
75
74
107
105
115
108
120
111
55
100
125
108
127
117
111
123
131
236
142
125
131
113
123
132
266
105
234
117
94
89
73
70
70
50
86
87
67
64
62
69
82
65
74
50
76
232
55
80
36
77
115
107
121
120
115
101
101
113
112
112
116
93
108
99
104
118
137
115
102
87
108
121
123
82
114
105
120
103
105
128
108
236
138
103
110
122
100
119
115
250
124
217
104
122
100
100
118
96
129
102
89
76
94
70
65
78
73
95
61
95
248
83
72
90
100
90
79
86
77
84
79
80
89
91
88
79
75
91
82
64
77
104
53
40
66
72
54
91
97
105
127
95
110
79
102
243
91
80
75
54
69
88
86
84
180
62
258
48
80
102
216
99
104
84
55
62
64
64
68
68
64
59
75
67
57
196
73
57
81
75
87
75
68
84
68
57
72
68
68
59
55
68
62
67
87
77
65
59
72
84
64
82
76
86
83
67
63
104
120
198
89
80
87
85
89
77
89
83
94
197
73
199
64
72
62
65
85
100
74
60
63
79
73
67
84
77
83
65
90
76
257
73
88
66
70
66
85
78
72
88
70
76
81
80
73
74
80
71
73
77
63
72
53
78
64
69
60
58
64
69
64
76
68
71
246
76
72
60
74
59
59
73
54
77
192
43
219
64
87
119
145
87
72
66
46
67
65
57
94
66
65
50
83
72
65
212
85
89
76
69
75
69
69
63
78
59
50
52
68
65
53
69
82
65
58
49
58
64
122
135
135
133
139
135
138
114
121
131
247
129
119
135
120
138
137
139
128
114
126
287
121
329
117
122
146
82
70
41
60
67
58
63
68
57
64
49
73
73
68
60
219
74
74
56
78
70
69
57
60
83
73
55
66
63
66
