776
167
120
92
100
109
100
93
65
87
80
88
78
71
82
81
103
119
87
116
113
93
109
102
107
107
75
103
83
92
108
89
85
129
72
97
82
76
112
83
141
103
81
111
74
85
102
78
94
93
101
89
66
75
96
89
97
79
100
70
311
177
130
86
359
320
230
83
42
70
70
74
67
69
77
62
52
98
123
112
129
129
117
136
110
110
116
110
115
115
105
87
101
107
94
106
97
107
110
108
106
112
106
109
113
133
95
110
102
103
112
109
96
116
129
129
98
115
114
115
69
62
78
79
149
97
96
102
399
82
354
545
84
77
72
84
61
63
64
62
71
61
74
61
85
85
103
69
70
67
74
68
73
61
74
55
61
74
55
52
68
61
87
66
75
75
71
74
99
84
78
76
72
75
73
64
70
61
68
64
71
63
73
71
64
75
75
76
181
98
76
81
320
215
125
454
193
60
103
64
45
50
68
68
56
128
54
94
116
80
77
73
73
65
74
69
65
66
61
63
66
74
80
55
49
73
66
62
64
64
73
66
65
79
69
62
63
68
71
47
67
81
69
67
67
80
63
72
58
114
96
67
187
85
84
49
119
103
91
86
429
688
313
311
179
61
69
60
72
71
95
58
106
105
71
95
78
62
75
69
78
74
65
68
56
54
79
63
72
81
77
87
84
66
74
65
72
96
54
87
64
61
58
61
73
90
71
72
47
66
75
71
64
107
113
113
311
292
130
112
425
145
130
126
129
380
275
115
116
91
119
106
104
118
104
108
125
129
125
119
103
95
114
108
109
93
98
107
81
97
108
96
95
106
106
111
90
98
109
97
109
94
100
96
88
117
112
100
117
104
113
117
91
103
100
93
78
46
54
55
197
106
46
61
143
150
122
113
66
103
388
301
68
75
73
72
69
49
70
65
81
86
83
80
70
77
59
61
92
74
83
75
56
87
61
69
89
65
74
93
71
82
65
77
82
83
63
82
58
82
85
70
85
76
64
77
77
65
54
72
73
65
72
61
171
110
72
85
360
231
256
72
97
113
105
1029
511
67
70
68
58
72
66
54
99
95
83
95
52
58
72
68
63
64
59
66
59
89
80
84
89
89
105
90
89
79
87
90
73
118
73
91
82
88
81
79
85
93
83
103
89
98
92
80
61
56
70
83
142
199
97
56
74
268
298
313
289
232
209
78
422
193
72
85
73
74
84
82
96
104
75
79
69
78
62
51
59
62
69
72
64
64
68
80
96
112
107
98
101
113
110
106
104
97
101
100
98
109
100
102
102
110
101
114
105
82
106
99
76
64
80
63
163
101
79
60
117
230
224
65
69
77
89
119
92
440
483
265
60
67
66
61
224
75
74
76
74
88
77
56
68
54
76
67
66
63
70
62
55
74
63
72
58
61
64
72
59
79
66
65
60
60
64
63
67
55
81
80
59
70
78
59
67
64
53
59
149
386
73
52
95
255
72
75
72
77
102
140
140
126
489
508
230
101
120
109
128
136
113
111
100
119
115
116
102
112
112
110
99
92
104
98
116
106
118
98
95
104
121
110
91
121
120
94
78
108
114
103
120
119
80
125
101
114
107
101
74
75
71
64
407
162
67
75
73
358
71
70
62
61
71
62
88
82
76
357
372
74
51
52
78
78
65
67
58
66
69
66
71
63
74
66
57
58
67
57
65
79
67
62
49
64
67
65
66
72
70
59
57
71
53
56
63
71
39
71
58
64
69
62
80
57
60
57
316
135
79
58
108
201
176
64
77
59
78
90
79
93
84
97
396
243
157
91
87
81
88
94
60
73
77
73
95
109
111
108
98
83
115
83
115
110
120
117
90
112
105
110
109
111
108
103
98
105
110
106
108
130
93
109
103
111
106
106
86
66
77
66
158
202
156
161
98
230
111
71
31
66
54
60
53
80
82
90
66
545
123
79
60
70
55
58
56
61
55
64
66
53
61
52
60
61
68
62
53
80
60
67
58
54
56
57
61
71
56
60
52
66
57
50
62
79
67
62
70
59
70
56
61
57
51
57
149
82
65
55
100
213
82
72
64
71
86
83
97
97
88
121
97
112
500
525
215
88
65
82
65
82
85
60
90
70
76
86
79
74
72
75
79
68
79
86
77
82
79
74
63
77
68
79
70
78
68
68
77
62
72
77
68
72
75
69
64
68
71
103
281
196
79
80
87
239
85
103
83
101
85
72
96
113
113
104
103
108
94
405
262
184
88
79
76
79
84
82
81
65
79
84
65
69
93
83
114
110
111
111
104
104
82
106
102
119
97
107
95
114
112
108
112
104
105
104
110
97
95
111
90
89
93
78
168
143
76
86
108
75
282
76
60
70
82
69
88
111
71
80
86
98
100
91
575
298
85
84
80
68
80
74
86
74
73
82
68
79
80
84
84
89
79
87
80
81
76
85
70
69
87
76
74
86
90
68
90
84
82
77
79
93
76
79
79
78
78
78
218
174
65
74
96
81
288
72
74
80
80
82
78
79
98
82
83
86
93
94
124
357
293
82
66
91
73
74
59
75
88
77
69
92
86
69
87
106
88
91
88
95
90
77
89
106
70
85
66
113
99
77
101
92
88
95
77
88
78
88
70
64
84
66
154
80
49
72
95
87
309
113
74
76
78
95
99
90
76
78
90
79
119
152
161
158
647
250
128
120
120
113
111
114
104
125
93
103
114
120
113
137
128
122
104
122
103
116
117
118
104
107
108
111
121
117
127
115
126
116
101
120
127
111
79
67
83
70
231
160
62
68
77
60
188
84
102
93
65
69
71
56
84
71
62
63
82
62
197
106
111
521
182
87
58
66
69
62
75
62
73
68
66
63
63
74
70
64
62
66
64
56
63
73
48
58
63
73
68
69
65
78
65
83
58
71
77
71
59
72
70
74
281
184
141
53
87
70
244
169
72
102
98
102
100
83
101
99
70
101
63
134
167
206
146
154
523
314
90
64
69
69
64
62
57
59
59
62
65
71
75
80
63
62
64
60
73
78
66
59
56
65
59
51
67
57
84
64
37
67
62
68
64
61
87
67
196
141
56
59
89
71
226
76
72
60
64
77
58
63
66
70
69
63
77
75
71
105
98
113
79
493
549
187
218
91
64
64
64
65
75
66
87
81
73
68
47
78
58
64
65
76
61
64
68
64
79
75
78
78
89
78
60
61
66
69
63
60
68
59
248
280
59
75
124
90
230
276
123
73
76
81
74
80
85
100
89
86
77
77
88
107
108
101
100
97
405
268
108
99
88
70
76
59
90
91
90
83
94
89
76
74
79
78
87
77
85
88
78
111
109
77
96
84
91
102
74
112
90
91
101
75
94
79
225
237
79
59
78
82
291
67
49
61
66
71
62
69
72
75
51
61
71
60
181
109
125
106
82
103
87
444
385
81
69
62
64
58
64
66
72
68
59
64
61
66
48
66
55
79
55
71
68
64
61
62
58
68
67
63
62
67
61
71
62
58
64
66
220
169
75
61
