723
302
90
76
86
69
69
57
65
71
72
68
65
80
70
69
100
108
88
90
71
58
76
83
94
79
84
76
78
78
79
63
75
83
100
94
77
75
93
87
80
108
86
85
94
103
88
83
88
83
90
96
96
85
82
90
68
96
118
87
278
149
117
111
398
600
270
99
60
76
61
83
50
54
74
69
48
63
57
53
94
90
89
67
60
67
81
63
77
78
72
64
53
54
62
63
77
75
72
78
74
77
63
58
59
78
59
66
58
70
66
51
76
70
66
78
64
75
56
71
69
50
80
60
165
125
101
104
219
99
512
262
46
72
59
81
71
58
59
67
56
59
58
57
80
92
65
71
47
61
59
51
74
60
61
64
53
61
64
57
70
71
74
66
60
62
58
67
59
73
74
52
57
67
74
53
67
75
69
61
54
65
64
61
63
65
58
67
167
87
104
117
399
124
123
432
607
75
97
109
115
75
100
109
98
99
105
106
141
126
118
129
99
114
96
104
107
100
94
100
99
90
96
109
109
86
107
103
100
96
99
96
107
107
104
85
98
90
107
92
97
117
111
113
99
101
64
99
63
60
77
90
159
362
139
68
361
99
105
95
806
123
83
63
68
62
70
687
69
67
74
66
105
76
75
85
92
76
69
84
66
87
67
74
68
81
76
66
70
82
85
85
75
74
70
68
71
80
77
72
67
82
63
69
78
78
71
82
70
68
73
76
68
77
77
69
150
191
78
72
394
104
132
122
83
499
482
59
62
61
66
61
64
67
67
54
108
78
81
67
66
77
71
52
78
85
72
77
60
81
75
62
79
74
47
78
69
69
80
80
89
80
71
62
68
82
63
72
80
78
73
77
69
54
58
77
85
69
78
63
171
79
70
79
213
70
83
66
99
91
407
262
69
56
63
80
54
61
60
60
87
68
53
71
58
68
67
64
63
80
95
66
60
79
73
57
93
71
89
65
66
54
87
89
73
88
78
91
66
63
71
58
60
77
59
71
64
64
60
54
67
58
66
76
136
273
256
71
266
75
76
74
76
67
78
506
289
74
58
54
68
77
70
61
113
77
75
72
88
60
73
54
79
79
85
63
80
68
60
76
61
82
79
73
69
77
69
64
57
79
68
72
60
82
61
73
79
77
77
86
66
70
58
79
84
73
80
67
161
79
64
73
75
232
197
254
100
106
97
92
363
307
72
69
74
79
72
61
110
86
68
73
64
65
61
69
70
62
67
61
56
66
72
69
71
87
78
62
68
64
66
72
55
69
58
60
62
68
59
58
57
80
58
77
58
78
71
69
60
73
73
100
295
113
107
99
142
458
137
126
107
150
147
151
130
569
280
125
117
132
109
97
144
129
119
135
119
120
127
121
125
124
128
110
108
131
124
107
116
138
121
122
119
132
112
128
109
121
123
124
106
120
128
94
127
128
126
126
121
109
128
124
80
77
67
57
146
277
75
67
81
276
62
71
65
60
61
89
88
73
433
244
59
62
51
50
103
74
69
68
64
65
68
62
65
69
64
65
63
60
52
64
57
71
69
75
60
85
88
88
82
83
75
59
63
85
71
77
73
74
94
80
74
64
78
78
79
68
71
59
211
99
70
60
112
247
63
80
58
75
71
81
106
100
102
474
282
84
62
62
101
74
77
85
67
58
60
69
85
69
86
72
70
67
62
62
73
67
80
79
61
79
62
72
80
86
60
75
50
86
57
58
68
66
60
70
53
72
61
81
79
52
57
54
206
206
61
87
101
324
54
61
65
78
67
92
79
88
82
92
397
563
303
105
114
96
79
67
72
70
74
62
68
57
70
73
65
74
85
60
69
73
84
64
64
70
60
71
69
59
77
60
65
66
78
51
67
82
71
76
51
78
75
81
66
52
56
60
262
63
84
65
116
316
84
82
73
83
61
80
64
78
84
103
99
550
403
80
123
83
86
75
67
57
71
65
81
68
71
63
71
62
81
70
74
89
84
91
58
76
68
86
62
79
71
77
71
78
64
78
71
78
83
81
60
62
49
65
75
50
58
61
157
236
77
68
82
202
72
76
48
63
67
68
94
89
91
112
97
117
298
321
103
82
78
73
73
77
72
63
65
84
82
100
90
86
94
78
105
100
90
97
81
95
99
79
97
105
83
96
73
97
96
93
86
103
103
103
82
96
108
73
66
57
70
59
163
65
81
69
116
397
89
106
99
88
101
100
108
111
109
116
92
123
108
459
392
297
184
120
118
92
103
125
109
105
97
97
90
98
93
97
97
109
108
109
111
98
104
112
93
95
116
86
91
102
108
111
117
119
105
108
96
123
99
103
89
86
100
77
167
154
104
106
104
72
230
192
227
66
76
68
76
85
90
102
75
99
97
74
451
402
59
83
63
83
67
58
63
64
82
54
70
64
76
69
67
75
87
80
59
68
75
58
75
81
75
61
56
71
76
52
66
73
74
92
97
92
63
62
83
209
263
74
181
133
57
65
93
85
281
80
65
76
73
85
73
79
86
95
90
94
98
93
138
526
368
105
67
77
75
67
77
80
91
65
76
83
79
68
82
112
83
94
72
100
50
96
77
71
62
79
50
83
78
90
88
88
70
92
74
84
81
81
93
69
88
84
312
266
171
66
82
82
195
57
69
77
67
63
76
57
64
64
78
71
67
82
156
143
370
435
106
112
111
105
112
118
106
92
99
100
103
84
102
105
115
106
99
108
96
93
111
111
104
112
101
114
87
104
119
111
116
105
96
117
111
106
72
61
66
64
213
63
68
60
91
69
278
75
52
64
54
70
72
70
43
75
46
49
72
75
113
119
110
372
251
81
59
83
66
78
75
89
61
80
76
44
76
86
85
67
50
85
79
87
73
84
81
72
76
89
75
63
81
80
75
66
76
81
65
63
78
70
81
91
285
217
66
68
80
75
170
110
44
80
66
73
61
68
70
71
54
83
64
73
108
126
95
89
563
328
89
65
76
73
64
71
53
68
56
57
57
69
85
68
72
58
71
71
65
64
67
59
59
64
59
54
69
75
66
81
59
83
57
73
70
64
59
78
148
166
63
71
62
88
261
64
48
68
70
70
70
60
71
69
72
55
72
60
50
91
106
111
104
371
361
89
86
77
63
78
64
69
72
67
68
89
68
89
64
88
60
76
79
80
81
68
70
92
78
90
79
99
74
99
69
82
72
78
67
63
67
65
167
160
111
70
88
71
320
76
72
79
57
69
83
75
76
71
71
61
61
81
85
106
86
101
109
95
485
798
121
69
85
82
57
48
73
62
74
69
81
89
65
76
75
61
68
76
75
64
74
71
71
71
83
80
68
72
55
59
76
61
79
70
79
103
230
77
75
71
75
87
224
80
93
54
63
75
66
67
64
77
76
74
65
66
118
83
91
106
88
98
80
480
384
114
81
76
69
67
82
49
74
88
78
77
52
82
67
55
75
66
75
83
70
80
85
65
73
77
71
78
66
74
58
69
78
70
78
57
171
116
58
53
