644
215
94
78
110
137
116
124
94
129
31
110
114
122
115
103
117
136
144
140
113
123
172
220
198
209
83
78
98
172
118
121
264
162
117
108
86
106
122
144
58
125
107
122
107
114
112
112
115
111
126
127
126
117
122
122
113
89
72
103
98
109
127
75
129
164
386
468
256
109
96
96
90
92
96
91
51
90
108
66
81
93
106
107
37
62
83
70
44
70
77
93
96
88
57
251
410
225
149
105
90
98
67
68
63
52
85
64
68
77
94
104
110
108
83
105
98
85
58
52
66
68
52
68
51
103
67
73
350
143
140
231
465
79
218
227
477
151
191
347
84
69
74
61
49
82
87
67
77
87
96
87
105
97
70
112
87
73
68
174
494
291
193
109
127
109
97
82
109
88
94
91
102
78
106
87
116
86
111
68
60
88
86
83
98
44
76
107
65
118
112
125
233
98
108
62
224
121
200
104
81
228
86
97
201
103
59
65
96
78
75
47
70
57
71
61
66
80
82
61
62
145
211
217
345
127
123
139
115
92
74
75
79
125
91
135
128
151
136
120
152
130
137
117
129
141
58
75
51
65
64
86
62
62
64
41
224
86
88
101
85
260
293
128
449
151
156
146
274
142
136
120
544
346
244
139
147
124
132
131
139
145
124
132
121
108
239
222
437
122
80
124
73
107
70
74
64
80
90
80
64
116
90
94
87
84
91
90
135
127
126
133
133
77
107
130
138
128
106
125
139
74
93
113
69
79
213
200
84
82
212
74
124
86
82
280
105
88
78
109
406
109
122
133
116
113
111
96
104
76
108
185
277
203
96
109
132
123
58
60
70
79
69
88
68
92
84
48
74
60
89
56
82
78
72
68
76
80
52
64
62
112
56
72
80
41
60
62
75
60
76
254
55
88
69
61
175
69
67
66
53
89
344
56
210
72
88
86
189
53
60
43
64
65
64
33
305
209
209
188
47
50
157
71
72
85
78
50
76
72
68
32
58
38
77
75
61
48
48
56
46
49
48
64
58
47
48
50
135
112
112
114
114
110
125
96
226
100
120
112
118
114
279
106
118
127
115
98
97
360
123
130
118
135
104
115
332
81
37
43
563
154
117
200
53
57
77
92
69
75
54
49
68
71
67
43
52
63
64
62
57
58
54
62
66
61
65
71
48
84
64
45
108
95
104
81
72
79
86
76
77
338
131
130
65
93
77
97
262
75
82
99
97
94
86
95
132
109
129
125
128
83
81
93
482
145
112
229
118
103
133
144
149
126
132
127
105
122
116
131
121
128
133
129
123
110
129
107
138
127
93
129
95
85
133
113
78
67
66
78
50
80
57
78
66
66
150
51
51
68
73
67
72
76
283
69
74
61
70
55
79
52
54
200
61
104
80
53
420
322
220
406
648
149
130
146
148
140
141
117
120
163
111
130
162
158
142
148
127
144
143
150
144
108
134
153
72
139
141
125
76
79
62
68
64
78
55
50
73
78
86
196
67
73
48
55
79
94
110
84
290
56
67
57
50
60
58
89
71
69
408
59
267
162
274
206
124
134
170
142
260
120
122
110
95
141
115
100
88
82
46
66
54
72
67
62
58
48
51
75
68
67
64
46
79
68
54
68
74
78
68
74
62
43
62
72
188
53
61
71
77
53
73
82
77
50
187
56
89
60
54
96
63
77
67
72
314
301
158
175
87
90
76
94
136
75
74
79
210
62
47
56
68
55
64
68
53
65
66
68
63
38
58
55
53
36
60
43
102
95
105
84
69
68
47
57
33
71
72
60
65
193
59
44
31
46
45
65
76
52
52
65
203
59
42
49
54
80
67
50
307
115
200
171
368
79
62
73
57
57
58
63
47
66
55
54
255
60
55
81
62
61
77
53
75
34
72
45
75
89
91
49
107
149
125
130
117
127
144
127
127
113
125
134
118
104
211
86
135
148
126
127
126
129
124
130
136
128
340
135
107
75
79
103
221
344
280
80
89
118
82
161
62
97
72
62
74
91
75
80
82
76
71
78
336
88
74
80
88
79
84
78
31
21
16
63
102
117
99
114
118
119
103
109
117
121
82
111
119
114
123
480
125
133
103
136
135
122
115
114
115
131
116
123
254
73
38
52
279
204
221
218
74
59
64
62
86
89
244
113
110
123
131
123
122
131
117
129
125
134
117
131
502
92
132
98
109
132
110
124
92
58
42
46
58
58
57
78
36
51
55
33
40
63
66
56
183
45
72
77
80
63
69
71
68
64
50
73
56
63
191
67
235
247
350
91
102
130
100
99
111
119
105
99
99
216
96
91
135
139
96
135
138
102
108
102
115
97
84
81
306
55
56
45
397
111
91
98
78
79
116
95
131
86
80
102
97
90
84
91
88
262
82
84
109
85
94
73
96
83
94
68
86
73
78
69
479
194
176
220
80
124
157
121
116
150
115
128
122
131
110
124
406
122
106
144
143
99
127
136
120
128
140
124
129
116
133
118
78
84
67
70
189
80
69
42
55
49
61
50
55
61
56
60
58
63
187
49
65
49
61
59
61
65
56
54
53
77
41
23
292
195
307
217
70
88
126
123
130
130
123
128
105
128
127
129
128
134
137
554
141
127
122
137
137
69
55
43
45
45
62
42
111
98
60
65
53
58
74
87
362
46
59
71
59
61
50
44
74
68
69
279
73
50
53
68
70
50
42
67
58
68
52
75
418
182
192
226
348
56
152
81
90
128
125
105
112
116
129
140
131
140
140
146
127
141
266
134
101
128
130
136
114
96
107
107
116
111
93
111
93
125
120
104
97
145
150
128
416
81
43
31
46
63
50
69
153
60
53
60
62
56
60
47
35
49
55
29
601
244
124
230
85
63
196
53
59
74
101
54
69
49
44
40
53
53
85
36
45
59
62
71
63
249
55
49
42
54
46
49
66
72
78
71
52
67
72
76
44
54
91
84
54
64
66
60
479
51
80
62
62
344
72
60
62
46
66
53
64
68
68
53
325
148
182
212
79
90
78
85
185
64
58
54
62
45
56
50
99
84
66
83
60
59
80
78
72
75
68
90
168
67
72
28
63
56
61
69
37
67
52
52
62
49
81
61
50
54
62
73
75
75
61
62
214
110
235
114
111
126
106
111
112
55
65
54
416
96
133
202
80
59
79
65
62
76
482
78
89
103
124
120
139
129
120
92
47
48
76
43
31
48
58
65
64
50
74
148
79
44
327
54
53
44
36
37
45
52
48
41
35
33
48
35
83
67
38
51
63
58
73
192
276
112
100
111
112
46
39
47
341
161
201
159
79
54
66
59
46
74
49
48
121
38
34
86
34
59
51
55
52
38
59
42
55
38
45
43
41
38
27
40
101
116
106
98
91
354
80
117
100
94
98
101
94
95
88
96
108
116
82
88
86
82
105
107
215
119
66
90
411
79
85
100
573
145
235
288
112
109
99
96
86
117
109
101
106
94
470
93
114
169
138
147
135
144
131
130
135
130
125
134
122
126
133
128
