541
262
106
121
117
131
129
120
128
115
121
125
109
121
118
99
134
138
150
135
119
129
126
134
120
119
135
119
138
116
119
126
114
136
135
120
116
134
114
122
115
136
131
111
103
130
141
116
128
141
123
114
110
127
111
121
120
134
142
143
131
134
130
138
154
722
97
94
113
114
120
117
122
123
94
97
112
102
117
77
137
105
77
93
92
101
78
82
76
72
83
113
108
102
114
119
109
102
107
103
109
109
60
74
70
104
86
100
64
90
95
109
114
120
125
106
107
122
98
120
109
116
132
82
109
111
135
125
143
306
571
149
109
68
107
149
146
141
140
151
123
133
132
114
153
139
131
143
130
134
50
126
134
124
112
126
127
88
120
133
136
142
81
118
108
112
101
122
125
114
132
144
96
85
122
136
137
141
140
141
74
57
75
121
116
99
140
146
139
118
139
138
140
322
123
620
78
109
83
109
88
98
118
106
95
99
92
2578
119
103
93
97
88
94
90
106
94
104
86
108
90
102
101
75
103
99
87
103
96
98
93
95
92
88
105
103
84
99
100
91
91
103
110
98
83
80
87
95
99
81
50
96
134
130
127
134
125
266
134
141
544
114
122
122
134
125
107
107
101
129
104
121
117
116
128
105
107
124
116
120
127
102
109
110
101
108
111
106
98
109
99
101
110
106
70
66
46
79
51
67
60
66
95
100
118
127
112
134
113
130
123
102
125
120
115
119
121
108
131
126
141
265
123
117
109
566
135
138
112
134
131
137
128
130
121
100
176
129
128
131
123
126
130
125
121
121
120
127
115
127
129
94
118
131
125
149
107
130
72
73
92
124
126
121
109
76
117
107
63
137
118
137
128
134
134
127
134
124
145
137
124
104
108
126
134
266
129
136
121
156
509
123
135
133
119
133
100
137
126
139
161
132
140
136
121
130
135
133
122
123
128
114
114
124
137
118
111
132
113
147
120
153
120
138
123
144
137
135
102
133
139
110
135
127
130
142
143
124
134
124
143
102
129
127
117
131
133
125
153
255
141
146
139
136
139
550
126
126
119
126
109
117
125
146
119
138
126
113
112
126
118
115
119
132
110
112
93
125
105
86
115
103
112
132
77
124
81
101
111
127
112
123
96
98
106
109
115
111
116
118
117
111
123
127
130
102
133
127
112
131
125
115
108
151
253
133
109
127
119
131
622
117
112
98
73
61
67
73
121
110
102
89
102
104
96
81
82
107
83
50
62
78
104
99
85
116
93
76
49
55
56
79
99
92
83
58
82
100
90
88
103
101
100
100
92
100
94
101
94
88
95
112
106
100
101
103
123
144
240
117
112
119
107
116
113
530
111
118
108
126
100
123
130
118
123
115
112
121
114
114
93
111
116
111
107
104
120
87
90
114
111
116
102
94
112
122
99
114
119
127
93
112
107
110
123
125
116
118
114
102
121
123
121
96
116
133
120
128
128
118
124
135
240
130
123
129
130
124
121
110
460
130
120
117
111
107
133
112
113
119
102
118
114
103
95
116
108
107
96
113
114
85
100
114
117
127
102
94
105
101
113
122
118
114
107
99
112
110
116
123
116
119
117
111
126
118
115
83
123
130
119
125
115
119
138
126
184
111
118
124
133
124
115
122
137
566
101
116
100
108
131
113
103
105
100
93
108
113
111
103
93
103
79
57
70
93
103
122
80
92
89
56
45
63
103
94
99
93
90
80
92
104
108
99
111
114
98
104
112
101
106
105
106
75
52
43
46
56
120
119
209
103
89
122
122
120
131
135
124
122
674
105
94
96
105
85
93
97
79
102
85
94
88
114
85
79
50
91
61
52
58
90
82
75
64
57
84
86
72
92
73
88
76
84
94
82
92
95
101
101
91
99
96
85
94
90
91
113
86
120
102
81
139
124
252
115
123
121
135
130
126
125
128
146
116
503
120
130
132
133
126
126
123
125
134
120
115
113
111
126
121
124
113
102
108
133
114
121
111
55
51
70
80
106
122
124
111
84
104
114
104
39
68
71
68
98
107
136
106
120
96
141
133
136
140
64
122
95
173
130
118
95
122
140
136
124
132
131
130
121
562
112
128
117
74
59
57
62
96
97
58
51
64
84
72
84
93
105
104
126
105
129
104
110
45
76
69
102
114
81
97
108
117
104
58
91
83
65
51
64
63
118
107
98
121
138
111
79
43
95
121
136
195
106
98
102
95
107
117
114
115
121
107
111
136
658
114
109
116
110
98
102
104
98
99
99
90
100
84
94
109
91
84
111
90
66
44
63
50
88
108
89
108
101
94
91
66
49
66
111
110
104
95
73
107
96
82
96
66
104
96
99
101
107
96
116
92
249
91
109
101
96
95
117
113
112
110
109
98
119
588
88
65
57
61
74
80
88
92
80
54
65
77
76
88
59
66
65
68
90
63
82
84
78
73
73
91
97
70
79
74
89
74
103
97
91
82
94
65
76
70
88
92
83
90
92
93
89
138
138
142
222
110
124
102
76
115
101
105
119
123
120
134
128
158
724
129
130
113
67
113
114
127
122
112
107
107
119
96
86
105
134
92
127
110
112
112
113
121
118
114
110
97
81
123
117
115
127
124
122
117
122
122
118
120
120
125
125
88
81
98
56
138
130
138
246
121
77
96
123
132
121
95
72
89
123
120
119
156
130
502
118
110
118
124
122
119
125
111
127
108
108
121
99
121
96
72
117
96
105
121
97
81
118
129
117
101
87
132
116
124
132
133
116
80
101
103
92
90
119
128
134
127
130
136
126
143
108
140
245
46
84
99
44
78
124
111
114
116
44
71
116
140
130
132
487
125
127
131
124
109
106
104
105
53
61
82
95
104
122
112
136
106
108
96
68
121
120
103
111
110
99
116
122
119
115
122
118
127
126
126
101
75
66
89
139
108
120
91
99
124
112
122
133
65
87
50
40
64
69
78
87
106
114
94
112
118
108
124
114
482
90
96
99
109
99
115
102
87
102
95
88
100
99
96
101
88
93
96
96
91
88
96
104
72
86
101
94
98
102
120
102
113
72
138
111
102
98
94
97
113
108
109
129
130
131
103
242
109
105
110
115
110
121
88
118
111
117
114
121
132
117
115
114
115
559
118
112
127
105
110
105
100
89
102
100
103
116
108
116
93
99
85
110
117
108
117
102
105
102
107
99
90
96
73
77
71
82
79
67
79
39
49
49
40
39
38
35
111
122
124
304
113
115
111
102
112
107
106
112
114
105
114
122
141
138
119
121
106
130
513
102
102
100
99
101
91
89
111
81
107
104
95
94
77
81
73
88
85
84
116
110
95
51
58
54
84
82
82
84
84
89
57
77
82
85
102
97
81
112
119
102
136
128
122
253
110
112
107
115
103
119
127
110
102
112
113
121
133
142
133
131
114
117
129
517
209
107
95
107
99
92
112
87
99
107
110
78
44
84
87
81
53
93
61
100
86
66
96
82
102
94
85
95
96
88
99
94
91
76
105
118
111
126
115
116
