550
238
119
115
123
130
115
124
132
123
128
115
117
125
116
113
131
126
134
127
115
114
121
131
134
122
114
126
116
123
119
108
117
135
140
143
103
137
80
133
110
126
138
97
115
108
135
115
121
131
111
126
106
127
127
149
127
139
153
156
120
128
106
126
271
435
249
103
91
98
95
99
94
108
106
102
103
101
91
88
120
100
114
90
86
89
82
100
101
91
82
106
87
89
104
79
79
110
95
105
83
87
89
95
104
100
102
87
78
101
92
77
96
90
99
92
68
93
93
111
117
75
133
95
105
105
130
124
301
134
369
229
98
108
110
108
108
114
114
104
112
101
112
121
109
115
122
93
95
94
105
97
113
104
86
106
69
109
109
99
69
106
90
115
94
95
87
107
105
102
65
90
92
91
101
86
108
110
103
114
106
80
108
128
116
103
68
81
124
136
129
128
386
135
106
501
191
85
78
87
76
80
75
82
81
80
81
88
68
86
93
75
75
77
87
90
86
79
73
58
73
86
73
70
62
85
71
94
59
72
54
79
66
68
71
73
68
67
75
78
68
77
80
66
81
84
92
65
95
73
98
69
79
107
122
118
353
135
122
104
404
217
106
52
61
54
52
110
84
99
97
107
127
79
65
60
49
59
59
61
94
85
80
68
75
83
72
89
95
84
82
97
58
63
80
107
89
93
94
88
77
107
100
85
87
109
90
101
84
73
92
90
89
84
117
110
96
124
94
89
270
136
140
131
136
388
246
131
131
138
115
130
136
157
130
174
149
148
143
129
134
151
154
143
148
133
136
142
135
73
127
142
136
157
147
166
132
121
128
140
83
117
148
140
123
111
140
142
148
147
143
112
96
131
126
126
110
121
123
108
107
102
112
103
289
146
144
140
132
124
369
232
116
129
124
124
107
124
124
108
127
120
118
116
114
124
123
86
129
129
107
101
88
123
96
110
111
138
91
133
99
107
83
120
114
129
112
111
102
106
123
114
123
125
113
95
110
75
123
115
136
105
116
118
101
110
114
80
336
137
114
116
112
128
126
446
206
100
94
88
90
102
92
84
107
97
99
94
92
94
104
84
85
94
84
93
74
90
78
81
90
85
95
69
71
78
72
79
108
88
93
68
69
76
102
88
97
84
86
82
104
97
106
111
102
107
118
108
115
105
69
95
124
263
131
140
143
145
144
147
358
250
138
135
124
72
83
77
88
79
86
90
110
123
124
133
129
119
108
124
107
112
125
104
115
147
133
132
97
116
112
123
99
127
126
117
113
125
66
70
114
144
147
126
105
107
138
136
135
127
68
90
77
83
131
124
106
286
114
128
117
131
134
126
128
345
307
131
117
125
52
84
109
74
72
88
102
99
79
113
120
65
84
78
62
95
123
120
118
122
118
129
91
102
69
82
65
83
111
112
101
123
126
98
115
112
129
130
57
77
68
79
85
85
96
90
88
77
133
118
115
256
117
128
129
59
43
73
102
120
393
273
121
127
119
109
116
121
133
125
114
136
111
103
103
100
102
99
48
72
107
74
109
117
97
103
48
68
63
113
118
93
121
122
91
102
125
107
122
122
108
122
112
122
115
122
125
112
115
130
115
123
108
112
102
241
100
119
132
144
137
152
137
127
155
460
271
115
119
110
133
119
110
103
102
92
114
107
104
93
107
96
102
98
110
94
83
116
107
105
109
108
55
62
75
100
90
114
89
107
115
95
86
85
73
99
101
98
108
115
133
47
96
108
105
83
81
104
140
320
100
141
123
128
133
142
128
121
138
135
417
182
125
110
134
140
124
141
128
134
135
125
126
131
130
116
124
133
119
120
126
141
116
147
117
131
95
137
133
132
129
131
117
127
129
119
120
139
138
139
120
143
141
136
146
121
142
139
107
128
138
63
138
272
74
140
122
137
144
143
143
131
129
107
135
504
207
147
138
145
133
158
145
151
142
146
141
130
147
133
130
149
151
141
134
107
63
61
78
105
98
64
60
58
48
56
39
58
69
61
109
152
151
154
147
143
147
155
146
145
151
145
148
139
107
95
111
259
127
120
126
116
126
127
138
141
128
138
134
138
501
201
143
132
126
116
109
117
118
119
134
126
104
97
108
114
117
100
115
122
100
89
111
116
111
121
106
60
54
46
103
118
113
99
122
133
103
70
76
76
85
79
84
55
64
70
100
123
112
109
140
326
138
141
144
135
144
128
142
142
134
140
124
118
124
404
241
130
135
124
130
137
128
135
128
142
134
121
114
138
132
121
122
145
133
143
115
120
107
133
117
134
141
138
125
114
122
103
136
137
139
128
143
135
132
138
143
129
135
133
118
117
128
95
131
128
382
130
107
126
117
131
123
135
136
138
134
136
129
206
442
192
116
135
111
137
132
111
111
123
112
118
46
85
114
109
114
126
96
95
92
104
98
118
111
109
57
48
35
52
62
41
57
62
65
53
101
113
119
133
137
118
124
135
100
60
71
55
108
111
228
107
80
107
95
111
100
116
132
142
133
2448
142
138
132
378
241
113
110
106
108
97
105
118
83
87
86
103
101
87
98
118
95
117
94
100
88
92
95
104
96
92
82
102
113
93
108
104
111
90
100
106
113
110
93
107
109
112
98
96
111
69
95
95
288
103
93
90
112
116
102
102
106
131
117
129
130
133
126
140
365
339
99
99
106
94
104
80
80
106
85
99
71
78
101
110
87
115
85
106
87
96
91
111
94
95
95
99
110
89
101
100
103
94
76
94
103
107
74
79
97
107
101
107
104
66
129
148
268
117
105
119
120
111
106
128
108
95
124
117
119
102
117
123
119
457
206
113
122
114
115
126
110
133
126
72
85
74
66
99
101
98
105
109
105
134
86
115
122
137
88
62
86
73
91
87
89
101
71
125
137
108
119
115
102
126
132
129
129
119
127
111
329
132
88
117
133
122
106
127
126
126
120
124
148
143
141
126
139
136
461
239
123
109
128
107
119
112
94
103
106
98
105
119
115
131
114
116
113
135
119
119
133
131
73
81
98
72
64
98
111
109
98
114
127
123
111
103
114
119
67
115
115
114
142
136
260
140
134
133
130
140
146
137
145
138
128
137
131
131
215
125
131
146
122
390
252
151
144
127
149
134
130
104
58
71
109
122
104
118
129
120
128
121
136
149
140
137
128
135
152
42
70
106
105
108
97
104
110
59
151
150
117
137
132
137
144
149
123
135
279
102
43
53
73
80
67
47
83
88
107
103
112
41
97
124
123
117
111
116
400
206
98
96
97
88
92
103
83
91
110
97
93
100
96
91
99
110
78
106
87
104
81
76
101
93
105
103
112
101
100
93
111
103
103
97
109
120
118
116
132
122
117
116
352
100
88
93
108
107
97
125
125
124
96
54
84
79
113
125
117
141
146
155
146
342
239
131
107
105
95
112
93
96
97
124
120
131
92
87
87
88
114
102
107
100
98
79
77
72
118
122
109
140
103
108
103
106
105
82
124
108
65
102
96
100
