67
75
53
87
73
63
50
63
45
41
27
34
39
42
37
19
148
114
107
71
40
62
48
56
56
53
58
38
117
49
35
26
69
54
60
60
48
38
14
22
35
45
22
33
64
17
5
1
51
91
69
86
35
33
38
42
41
36
26
26
41
25
41
21
108
113
30
73
106
103
100
102
173
86
77
66
24
27
29
13
168
146
99
109
55
65
127
105
83
101
64
72
87
225
118
78
75
103
100
100
78
82
71
70
85
70
81
68
65
59
54
18
106
136
132
104
101
91
101
93
90
96
82
83
94
95
76
88
101
86
94
89
77
78
92
81
79
101
71
77
75
48
50
19
165
113
69
87
110
92
95
85
81
107
66
73
91
104
261
96
96
105
91
101
87
98
79
69
77
71
85
137
176
89
49
81
101
157
118
104
84
104
100
104
95
79
86
85
103
88
117
83
92
169
83
103
88
67
85
72
85
86
128
79
32
47
30
20
159
137
77
104
30
206
44
32
33
37
38
50
52
107
309
217
107
102
96
104
58
82
16
6
13
14
2
67
65
43
33
31
89
120
107
82
67
86
69
88
82
92
81
90
73
94
67
72
91
105
68
95
77
74
75
81
68
76
70
110
80
39
52
14
169
133
88
97
81
108
78
77
76
108
83
88
91
125
160
84
222
98
92
97
106
80
56
64
68
67
72
69
60
62
2
3
108
106
94
94
73
86
78
68
65
83
72
73
66
68
67
62
99
124
99
89
71
88
79
112
69
73
70
64
80
37
42
14
165
95
64
26
5
5
9
86
40
28
36
75
1
47
53
66
135
238
89
87
87
53
50
55
96
61
51
44
162
49
18
25
85
120
90
81
82
72
90
76
86
57
72
112
74
63
71
70
67
65
76
74
48
30
55
63
48
36
47
37
28
51
29
10
146
36
59
90
43
54
63
59
73
60
71
54
62
76
149
73
115
62
336
76
68
50
29
51
64
43
45
50
62
34
16
24
62
125
80
68
47
51
68
59
82
61
74
48
43
53
49
51
89
114
119
91
119
89
77
91
69
66
84
49
77
62
91
18
168
111
90
105
84
112
92
100
103
165
96
78
81
90
315
100
108
124
103
227
89
96
83
98
107
93
95
99
92
105
54
81
86
154
98
94
92
77
106
75
98
82
91
74
74
66
147
77
78
105
72
88
60
71
76
56
70
53
57
37
57
53
48
40
169
123
80
68
66
81
65
58
70
96
70
68
76
112
105
133
90
89
88
98
223
86
39
50
76
51
55
50
63
39
2
12
81
132
60
80
50
43
77
55
76
64
71
67
54
47
46
49
82
129
92
90
82
95
80
85
75
79
76
105
46
72
70
47
201
109
97
93
65
79
76
75
73
81
75
107
70
100
149
161
126
96
106
128
97
205
53
67
88
59
64
57
62
42
25
6
129
122
85
87
71
66
75
69
76
65
71
91
75
58
75
66
88
78
77
66
95
58
65
73
68
59
55
69
62
29
56
20
168
295
47
69
54
97
82
76
69
68
77
67
84
82
66
223
84
96
86
97
103
58
134
55
66
51
50
49
63
36
21
27
61
110
70
92
62
51
65
61
66
56
60
48
67
60
67
43
79
107
81
88
65
82
94
87
33
63
78
72
48
21
54
32
173
108
89
64
52
73
57
53
90
85
63
62
63
109
36
167
43
41
80
86
84
67
43
41
53
67
43
42
85
8
22
14
41
63
60
87
63
40
53
51
74
54
89
67
85
67
64
61
128
91
38
27
7
14
40
40
13
23
41
51
65
79
61
2
358
217
99
157
97
119
120
80
105
84
72
73
83
92
231
174
119
126
93
118
96
96
97
64
189
71
57
76
80
69
12
5
95
131
104
121
72
58
95
65
69
80
85
79
76
83
75
75
107
142
111
114
126
77
83
91
112
74
86
82
101
76
60
14
176
152
114
128
111
121
106
115
91
84
84
117
88
90
84
400
104
104
133
123
105
95
70
70
118
230
76
61
105
85
17
28
103
154
96
109
79
77
93
90
105
95
97
93
88
80
89
90
80
122
78
90
76
70
80
72
566
64
78
67
67
54
65
41
171
144
103
112
75
271
76
63
85
92
74
78
74
89
108
120
121
87
87
102
78
77
78
64
78
45
205
51
146
38
8
14
77
98
94
88
71
56
84
63
96
74
83
83
63
76
61
57
61
87
76
84
102
45
68
78
50
46
36
41
54
50
57
7
171
118
79
88
60
115
62
65
80
112
77
74
72
98
74
265
81
127
83
82
64
146
56
53
64
27
47
41
43
28
16
10
71
114
77
88
70
85
90
65
76
80
61
73
65
64
62
60
71
114
73
69
56
54
50
65
30
49
37
39
56
57
36
1
149
132
73
76
50
72
65
75
53
55
58
52
66
85
56
69
217
73
116
81
61
54
67
46
72
46
54
38
185
21
4
4
85
117
94
76
58
53
59
56
81
68
60
74
58
49
52
49
107
184
126
83
94
96
80
87
93
103
92
98
12
55
35
18
191
128
124
105
77
112
94
80
115
85
103
67
81
121
115
79
202
101
96
218
75
90
98
88
93
91
134
85
92
221
27
28
107
128
101
102
78
106
84
98
126
96
90
82
101
64
128
74
79
123
86
87
72
74
32
28
2
14
20
26
2
3
1
29
285
120
95
85
61
73
62
60
77
146
70
72
69
85
69
72
127
78
78
89
78
85
58
76
84
66
60
69
103
59
74
4
78
85
91
90
64
52
80
65
85
65
98
69
82
64
86
54
94
117
92
124
93
91
76
71
83
78
68
76
3
18
6
21
154
85
45
41
20
39
41
14
48
50
61
48
23
51
78
89
195
83
95
105
102
118
86
66
113
50
9
23
18
18
6
24
39
115
95
79
61
61
53
17
22
53
64
55
51
30
54
49
112
96
101
88
88
66
75
61
94
57
63
52
66
85
64
11
171
120
97
103
72
73
7
33
47
66
61
53
34
57
23
38
161
99
105
99
87
70
86
47
63
63
54
59
82
54
29
4
224
127
123
97
64
83
81
69
111
67
85
83
77
82
65
63
98
132
97
102
81
78
61
58
29
75
63
68
70
84
66
4
168
122
100
104
106
113
92
74
88
84
81
75
117
92
80
92
140
107
99
109
85
67
59
89
67
66
73
66
77
65
44
46
96
259
119
239
180
107
117
137
97
103
88
93
95
82
86
78
81
103
96
82
90
78
77
70
40
52
44
48
37
36
42
12
163
132
85
100
92
115
73
66
91
117
83
75
80
136
70
64
240
72
78
94
99
63
88
96
160
42
43
45
154
30
36
4
82
114
217
84
67
70
76
99
76
84
78
90
80
82
66
70
84
107
77
79
84
61
61
83
59
62
64
53
52
53
53
19
171
109
87
93
66
129
85
85
77
61
57
77
77
91
139
60
213
97
96
106
99
70
55
60
78
76
41
67
91
49
2
51
100
118
85
215
67
85
76
81
97
52
65
81
74
60
74
75
