720
251
143
150
140
115
130
118
123
127
128
125
118
132
122
121
138
128
130
141
130
124
118
143
131
124
135
112
114
119
120
119
110
149
112
118
114
131
134
101
118
140
138
137
113
126
134
127
123
148
127
127
129
133
129
131
125
136
135
134
133
133
137
134
237
416
224
99
97
93
76
88
85
97
76
83
90
86
96
133
116
82
86
91
84
70
87
88
92
88
86
85
80
82
87
69
78
92
90
105
74
83
77
83
93
90
84
78
82
67
91
82
85
90
88
86
83
95
79
82
86
97
141
137
120
135
129
131
328
115
411
267
91
113
106
113
98
116
96
106
104
106
113
132
121
117
102
113
100
112
114
113
98
99
100
92
102
97
103
148
97
115
104
126
100
106
70
100
108
101
93
107
81
95
105
92
107
115
103
104
102
62
79
95
82
99
108
98
93
131
119
117
241
123
145
391
222
122
118
123
118
113
121
124
119
112
118
120
128
139
121
116
107
116
120
116
119
105
107
108
97
114
89
114
105
123
104
105
56
112
65
56
53
53
58
62
51
71
51
48
57
73
81
94
94
82
101
109
93
130
137
137
124
152
144
136
257
153
110
139
383
364
135
116
136
138
129
136
127
119
139
137
116
111
102
100
108
127
121
92
99
88
100
97
87
69
92
69
80
133
58
109
116
118
125
113
132
119
41
65
32
70
88
73
93
143
128
126
64
125
139
136
134
129
147
132
130
132
95
60
239
134
131
140
133
596
166
135
139
131
135
91
108
129
122
130
146
135
140
72
130
144
141
137
132
116
91
141
125
117
137
118
129
121
137
140
114
102
78
94
65
81
142
139
81
119
144
128
133
148
110
88
121
143
130
140
138
136
144
91
108
134
130
126
308
134
134
128
127
133
416
244
125
138
140
132
133
128
127
111
145
145
134
127
139
147
128
137
148
133
126
85
130
127
150
133
136
149
147
139
109
78
116
139
115
128
137
126
83
131
151
131
125
153
129
143
139
142
140
155
159
110
135
125
121
123
131
124
295
141
118
125
124
133
136
481
303
139
129
125
117
114
110
118
134
116
114
121
117
122
120
124
117
113
115
91
110
109
104
99
107
116
115
87
110
110
63
102
99
120
112
124
98
109
93
105
123
118
123
135
120
119
128
123
115
127
121
123
138
118
118
116
96
231
86
133
139
129
134
127
406
178
76
77
57
72
77
100
130
110
129
132
76
85
117
122
115
116
113
109
116
66
46
79
67
90
105
114
112
115
89
112
114
128
121
119
111
108
131
122
117
120
129
122
107
129
128
130
126
105
118
113
109
124
122
105
114
274
113
129
94
137
132
137
121
488
217
117
106
112
105
102
115
118
103
112
107
110
108
110
114
110
98
113
92
90
116
83
107
109
97
81
45
82
73
88
98
112
106
92
58
54
102
96
75
93
95
73
91
101
103
119
115
94
100
90
87
90
62
90
135
284
113
118
114
134
116
123
115
128
562
229
120
133
121
109
120
126
125
124
127
109
121
118
124
126
123
94
110
113
125
85
103
125
100
127
98
117
106
114
120
126
118
103
104
107
126
122
125
124
111
118
126
118
113
113
122
124
132
137
125
139
131
126
138
303
114
129
123
114
124
129
128
113
128
387
229
125
133
130
137
124
117
126
108
134
121
124
131
119
117
115
121
125
99
97
116
131
103
112
108
113
98
104
105
110
79
64
78
72
110
112
121
132
123
121
122
122
89
76
94
98
120
70
68
70
90
84
152
250
138
146
128
146
143
154
131
147
146
141
402
254
686
138
155
142
150
149
138
138
137
144
150
135
132
129
138
129
128
139
127
138
142
158
126
127
121
138
130
145
143
139
112
134
142
133
147
132
144
136
133
151
154
135
135
143
140
141
123
135
133
128
120
247
105
112
91
104
141
143
138
137
115
134
130
402
222
88
116
106
107
108
89
101
98
89
108
103
93
101
93
90
107
69
106
123
102
115
90
99
88
101
107
108
89
100
84
85
98
79
102
82
103
107
87
100
100
100
109
89
123
40
41
53
83
75
137
240
123
116
109
111
111
132
121
110
127
130
129
113
436
223
104
124
119
120
108
119
116
122
116
124
121
108
104
107
93
106
107
130
61
76
76
96
94
98
100
108
125
102
87
103
110
115
115
110
115
128
124
104
105
87
108
98
117
131
108
114
116
123
141
201
150
145
133
126
138
130
136
142
128
135
135
119
144
425
322
141
134
138
121
141
143
69
122
144
134
136
117
123
115
132
131
135
134
164
75
40
64
119
151
143
145
147
101
117
139
135
146
141
150
147
119
121
127
142
73
114
112
127
108
123
122
111
95
104
211
109
100
99
103
113
99
139
128
129
112
129
129
114
527
210
106
98
89
107
103
86
122
106
112
74
98
116
103
73
90
111
102
98
85
114
80
96
55
57
71
47
56
97
89
70
103
102
88
107
99
106
101
108
99
85
96
82
92
92
96
93
129
138
236
111
119
105
114
128
118
114
116
122
98
115
114
120
142
458
233
120
124
113
116
104
111
113
107
97
112
102
121
99
104
119
101
114
106
100
104
80
80
120
51
85
83
109
103
99
102
59
85
66
96
114
119
102
99
120
119
127
123
133
119
55
141
154
245
119
121
108
116
119
127
96
118
126
118
115
128
119
140
120
446
211
108
127
119
122
131
124
97
110
105
124
100
107
114
118
91
133
117
98
102
116
98
99
58
76
52
58
103
84
122
118
116
66
85
104
133
119
127
109
71
73
96
93
74
55
126
86
257
76
70
94
100
105
89
79
53
76
79
133
140
125
156
138
133
458
220
127
113
128
125
111
114
123
114
115
113
111
101
120
127
128
93
126
118
129
137
137
52
92
92
99
109
102
128
129
134
130
123
111
54
50
44
50
63
117
123
114
120
120
128
142
220
115
93
116
116
122
117
109
135
73
59
108
127
136
140
149
125
130
360
225
82
68
78
102
106
99
84
118
97
105
111
109
101
107
85
104
97
94
85
74
79
80
90
83
104
98
113
79
99
106
100
90
111
113
60
107
107
120
98
94
66
118
113
126
224
105
117
114
110
114
119
123
118
115
31
109
140
156
134
131
138
128
131
427
217
123
119
107
119
104
113
123
112
98
108
112
111
80
80
103
109
114
119
134
129
117
109
84
87
115
121
116
94
81
75
50
52
82
85
94
99
102
94
106
114
101
127
116
189
113
108
105
95
114
101
108
96
114
96
102
106
128
173
141
139
142
130
141
478
276
110
98
92
102
117
109
104
98
89
123
103
123
98
96
103
108
116
101
115
122
102
77
98
55
108
109
125
114
102
104
117
115
102
97
106
106
96
104
110
93
136
156
240
113
125
124
126
128
135
139
124
127
130
121
136
86
119
128
130
119
125
115
132
425
254
138
117
117
123
126
136
122
98
125
119
130
120
107
77
47
60
53
52
75
70
53
51
54
73
77
126
134
118
138
128
135
118
123
100
123
50
57
94
103
