627
377
381
258
103
115
96
126
106
71
81
574
427
97
60
55
97
101
94
143
67
99
137
104
120
80
88
67
53
279
46
44
101
84
78
70
78
87
84
70
59
62
72
87
56
77
45
83
88
85
94
75
213
477
152
61
56
109
162
129
126
121
137
131
226
152
393
265
276
139
144
164
148
131
138
141
156
146
141
147
163
168
156
138
133
122
178
154
112
86
118
93
79
148
40
84
232
209
97
150
137
152
150
140
131
136
151
152
152
148
112
133
162
165
158
155
145
151
152
150
141
134
155
158
155
153
142
152
93
91
107
268
249
107
259
125
325
121
113
123
119
111
112
101
107
105
121
104
112
97
119
96
109
109
101
83
59
242
61
89
137
170
123
118
115
116
96
104
111
110
113
89
117
107
108
108
107
104
123
128
130
117
106
118
121
116
117
127
116
113
108
150
157
139
151
134
318
121
186
128
101
231
110
86
239
100
93
102
108
130
120
118
95
75
77
96
118
101
124
100
88
271
80
102
132
228
125
115
94
113
99
111
80
111
114
84
96
90
57
100
102
118
94
108
112
88
89
108
106
112
114
144
96
109
126
125
118
153
122
109
123
281
116
117
189
62
83
79
148
45
63
51
206
71
80
58
79
84
94
91
89
111
80
70
43
144
72
35
74
214
64
81
97
78
58
55
68
61
54
84
57
54
56
60
59
96
97
118
81
96
66
102
96
92
99
89
86
106
102
100
102
109
89
116
107
101
216
103
94
113
217
117
97
105
101
308
88
108
85
99
114
91
79
63
73
60
62
83
55
163
54
50
65
274
63
71
87
64
55
64
63
59
59
53
35
44
56
43
62
63
62
53
45
68
37
56
51
44
80
72
45
60
55
82
120
63
85
51
107
126
118
387
114
111
109
137
221
130
120
127
125
119
264
113
112
113
111
114
205
92
121
120
110
260
99
93
105
218
147
119
117
142
101
105
105
100
139
106
107
81
121
103
115
103
119
109
118
121
110
98
111
105
111
115
102
103
101
99
113
107
123
113
118
101
110
226
197
87
96
93
93
57
221
125
100
132
119
119
111
223
82
103
110
43
71
46
175
139
58
70
59
168
115
110
116
101
100
74
90
85
85
99
90
100
73
97
114
110
111
93
100
79
85
103
108
100
88
109
93
94
97
79
83
66
120
111
98
125
128
104
99
333
140
102
112
91
122
92
327
113
116
109
101
102
120
92
216
101
100
65
62
175
52
81
354
234
94
134
118
97
88
93
97
66
66
100
97
90
94
91
94
79
83
95
78
88
75
76
86
56
74
84
99
88
84
81
110
89
104
107
113
97
73
103
110
94
97
114
99
84
110
98
114
132
223
91
87
115
62
61
50
59
82
186
67
178
38
72
60
296
69
81
256
53
58
55
74
74
77
88
80
68
40
50
62
62
56
73
80
58
54
66
51
54
42
69
52
64
119
74
100
120
116
137
153
120
113
134
133
127
139
167
116
120
118
103
139
115
120
134
190
120
116
115
118
57
70
73
70
209
191
47
74
198
110
118
127
105
90
123
255
72
79
56
77
67
57
81
55
90
66
82
67
43
61
47
47
84
69
76
47
55
49
82
61
68
53
59
69
79
56
65
77
94
69
62
214
51
48
52
73
65
62
101
100
74
207
80
102
77
104
82
83
317
114
107
101
357
84
126
89
118
105
111
93
45
83
109
191
84
100
117
85
76
104
111
93
77
83
93
89
87
94
100
75
85
55
93
120
117
119
128
127
102
106
133
92
137
110
120
116
276
113
118
136
150
113
114
110
126
112
104
219
69
85
75
62
135
31
34
56
465
136
154
305
109
107
91
58
65
78
73
109
60
57
80
430
76
68
84
60
64
60
63
51
49
62
48
56
32
44
21
108
90
96
108
108
85
70
98
105
84
85
112
116
104
322
98
84
82
90
117
97
89
94
93
66
56
349
63
57
137
50
58
133
203
57
81
62
62
46
184
67
56
72
44
68
38
56
65
47
63
55
56
183
60
50
64
50
84
108
108
81
90
95
97
141
148
131
132
132
149
115
109
145
145
142
144
136
135
144
283
130
133
141
140
116
129
125
114
127
134
112
85
147
235
70
62
174
67
109
125
125
111
120
111
110
113
221
121
135
137
111
125
123
135
139
137
120
128
133
122
224
136
130
134
109
130
125
98
118
141
123
106
132
114
113
117
134
149
138
81
86
105
76
52
241
68
71
91
66
65
54
98
85
92
85
70
53
238
271
57
105
187
64
85
44
53
98
69
85
77
85
87
74
194
65
66
79
74
67
66
98
125
104
137
110
113
112
134
356
85
95
114
292
118
150
140
145
150
144
144
142
149
137
150
105
144
146
144
124
314
150
124
146
128
149
150
156
112
159
109
130
318
106
140
217
193
156
181
176
155
152
164
158
127
149
157
159
146
118
154
276
138
148
144
180
151
143
115
143
136
148
154
158
135
138
151
119
127
133
118
372
111
98
104
113
104
95
124
122
110
159
138
121
122
232
96
102
108
82
112
123
107
118
85
106
351
98
98
169
243
230
125
126
147
110
104
136
109
104
112
96
144
107
146
116
111
131
230
107
120
112
108
94
117
104
114
107
98
104
94
116
117
113
133
91
109
96
5108
294
131
126
121
128
128
110
99
125
123
133
317
107
121
148
117
121
86
54
65
57
151
30
49
118
207
110
116
223
102
118
115
109
94
96
121
102
109
104
105
104
119
123
115
114
125
230
129
116
93
133
140
100
81
102
99
96
102
96
71
78
93
84
91
73
70
69
95
159
77
85
71
105
99
73
62
89
42
74
79
61
61
44
43
54
245
27
33
122
243
120
55
67
79
152
49
42
53
53
67
73
61
67
79
78
84
119
87
101
45
84
103
93
290
85
92
66
51
65
66
132
99
94
98
114
102
81
78
92
103
86
111
102
108
109
127
227
109
99
82
101
129
110
87
92
56
79
90
66
254
54
78
67
149
75
81
100
106
45
67
146
75
64
64
60
58
78
51
42
140
64
108
34
76
57
56
33
52
82
60
278
60
53
57
109
111
132
98
79
122
65
81
90
85
98
92
90
107
87
92
132
130
109
119
259
108
324
80
113
61
71
62
39
261
26
68
170
212
188
142
69
56
64
58
47
81
152
61
45
50
50
63
38
73
70
60
36
46
59
57
61
50
58
54
66
55
30
181
70
70
205
67
47
63
57
58
57
49
60
73
57
48
55
40
72
84
68
133
108
110
113
277
208
61
64
78
39
315
66
71
79
244
86
86
90
105
77
93
77
82
88
102
183
72
55
81
83
73
67
75
83
79
69
79
95
72
88
96
111
48
56
55
108
134
120
130
114
450
123
122
135
108
118
108
115
105
93
112
111
120
114
129
125
96
120
127
295
102
117
73
193
156
74
94
148
258
116
113
96
110
112
127
102
95
74
94
114
92
187
112
117
140
118
123
118
120
119
116
113
113
98
119
116
112
102
131
