1178
65
61
64
61
59
61
63
63
59
64
60
62
64
64
63
63
59
62
60
61
57
63
63
63
59
61
61
57
61
63
62
62
57
61
63
60
62
64
59
61
59
63
63
59
60
60
59
60
64
62
60
62
62
59
59
61
60
60
61
59
60
62
57
61
65
65
59
64
63
54
49
52
54
51
51
53
53
52
56
52
54
55
55
51
52
51
53
52
52
52
57
55
52
53
55
54
54
54
52
55
51
57
54
51
53
52
56
52
52
51
53
52
52
52
52
53
55
56
54
52
51
55
54
54
56
54
54
53
54
53
53
56
52
53
54
52
53
55
56
54
55
83
230
52
54
54
52
56
54
52
54
54
57
51
54
54
52
54
54
54
52
54
54
52
51
55
55
53
55
57
53
53
51
52
51
51
53
54
52
54
52
54
54
54
54
52
52
55
54
52
55
52
52
57
53
55
51
51
52
53
53
51
57
57
53
55
53
51
49
53
52
51
51
55
55
55
55
55
51
57
53
55
51
57
55
52
54
52
54
54
55
57
52
52
52
52
55
51
53
55
51
54
52
54
52
52
52
57
55
54
52
52
55
55
52
53
54
54
52
54
54
52
52
54
54
52
54
54
56
54
54
56
52
52
54
54
51
53
52
52
56
56
54
53
51
53
53
53
53
54
52
54
51
55
51
51
53
53
52
52
54
55
55
56
54
52
52
53
53
57
57
53
55
55
51
54
54
52
54
56
54
52
52
51
54
52
54
51
57
52
56
54
54
54
54
54
54
52
55
51
55
55
52
54
54
54
56
54
52
54
54
54
52
55
57
55
53
54
54
54
55
55
51
55
55
55
57
51
51
53
51
57
57
53
56
54
55
55
53
57
57
54
54
52
54
52
51
51
53
57
56
227
49
54
54
54
56
52
52
54
52
54
56
54
54
56
50
54
57
55
52
52
54
54
52
52
54
53
53
57
51
54
54
56
54
54
54
54
54
56
56
54
52
54
54
54
55
51
53
53
54
54
53
51
56
54
52
54
54
56
56
56
52
55
52
54
52
52
51
53
55
57
54
54
55
55
53
54
54
54
57
55
54
54
54
54
54
54
54
52
54
54
54
53
52
54
54
53
51
53
52
52
54
52
57
51
51
51
52
52
54
52
52
54
52
53
55
53
54
54
54
55
54
54
55
53
55
55
53
53
53
54
54
52
52
55
52
52
53
54
54
54
54
54
56
49
57
55
57
52
52
52
54
53
51
56
55
50
49
56
52
51
53
51
51
51
54
56
54
54
55
53
55
53
55
54
54
52
56
52
52
52
52
56
52
52
54
52
54
54
52
51
52
54
54
52
50
53
55
51
54
56
52
52
52
52
54
54
54
52
54
54
53
53
55
53
57
53
55
53
51
55
56
54
52
52
52
52
54
54
54
54
54
54
56
54
54
54
52
53
53
52
56
53
57
62
125
54
55
55
53
51
53
52
54
54
54
51
55
55
55
55
53
53
51
55
51
51
53
53
54
53
55
55
57
53
52
52
55
54
52
53
54
51
53
51
57
54
54
52
52
54
51
53
53
53
52
54
52
54
52
54
56
54
54
57
49
57
55
55
54
52
52
54
56
51
51
57
53
56
52
55
55
51
49
52
52
54
52
57
55
55
51
55
52
54
54
54
56
52
53
53
53
53
57
55
52
52
52
54
56
56
52
54
53
55
52
54
52
54
52
54
56
56
51
51
53
55
52
52
54
53
54
54
52
52
52
54
54
57
54
52
53
55
53
54
52
55
51
49
51
53
53
57
55
53
52
54
54
52
52
54
52
53
55
51
51
51
51
55
55
57
53
57
51
53
53
55
56
52
55
54
56
52
54
52
54
54
56
56
53
56
52
54
52
52
56
52
52
54
54
52
54
55
53
54
54
52
52
57
51
57
52
52
52
54
54
54
56
52
51
51
51
55
54
55
53
53
55
56
52
54
54
52
55
55
54
51
51
57
54
54
54
56
53
55
55
53
51
55
55
54
54
54
52
54
53
54
54
54
940
47
48
49
50
47
47
46
47
46
51
48
45
48
47
48
47
48
46
45
46
45
49
48
46
46
49
46
46
49
48
47
48
47
48
48
47
48
48
49
48
46
48
48
48
46
48
48
46
49
48
48
45
48
47
46
46
49
46
49
46
47
47
48
49
50
47
49
48
49
48
48
46
49
48
47
46
46
51
46
49
46
46
51
48
48
47
48
47
46
48
47
47
48
46
49
48
47
48
48
45
50
51
46
47
49
46
46
46
