294
294
296
297
294
291
299
296
290
297
292
296
278
294
295
292
295
282
291
295
294
298
277
292
298
299
294
288
295
367
295
296
296
297
294
296
298
295
296
294
295
292
299
296
294
297
295
296
294
291
295
290
295
294
297
282
291
288
294
292
279
296
868
294
294
295
296
293
295
294
295
296
295
293
301
291
294
297
291
294
292
294
290
300
295
294
299
295
280
295
295
297
294
278
297
294
293
294
279
292
296
295
291
290
292
536
294
295
299
297
288
299
293
298
292
297
296
296
297
295
296
290
295
298
295
293
299
296
294
295
295
278
292
294
291
296
278
295
915
295
299
299
299
297
298
295
291
294
295
292
272
291
333
292
298
292
291
291
294
296
295
290
293
296
300
297
289
295
292
294
295
283
288
296
293
294
281
291
292
294
297
276
296
744
291
295
296
291
296
296
297
294
297
293
294
296
298
291
297
292
292
297
297
294
291
292
295
298
293
278
292
293
294
299
279
290
293
292
293
280
291
294
299
295
278
291
900
296
290
295
296
296
293
294
296
291
297
296
292
297
296
291
291
294
295
294
290
295
296
294
297
292
284
296
295
296
296
281
296
892
297
292
294
295
297
295
292
296
297
291
290
301
297
296
297
297
294
295
298
292
293
290
295
294
295
282
293
294
294
295
284
296
293
292
295
278
295
296
293
294
282
296
685
298
295
297
296
296
296
293
290
301
292
290
295
294
296
294
290
293
293
290
296
291
294
296
297
296
281
292
296
295
294
284
293
292
292
291
280
293
294
293
292
279
294
794
297
294
294
294
296
297
296
292
291
296
288
297
299
294
296
289
293
294
295
297
298
294
299
295
298
276
299
297
295
296
280
294
298
295
294
296
296
293
293
293
294
294
442
295
294
291
294
294
299
292
298
290
299
292
294
293
294
291
292
293
294
295
298
295
296
299
295
295
294
296
291
296
293
272
297
294
293
297
282
300
294
291
293
280
293
758
292
295
294
291
293
298
296
297
297
293
294
292
297
294
295
296
294
298
293
297
296
292
295
291
296
282
287
292
297
298
276
291
294
296
296
279
295
296
296
295
294
296
559
296
291
293
294
296
295
296
294
293
294
293
296
293
292
293
296
297
296
296
298
295
298
298
290
295
292
291
294
288
293
280
298
297
296
295
278
291
291
281
296
591
295
294
292
291
292
296
295
294
294
297
298
291
296
293
292
298
295
296
296
297
293
290
295
296
294
292
293
294
295
296
294
291
292
288
295
296
295
297
294
302
292
297
294
296
291
298
297
296
294
294
299
296
289
294
299
296
295
296
291
292
291
294
294
297
294
292
297
290
294
292
299
296
293
294
293
294
293
296
296
293
296
294
299
299
294
294
297
294
297
296
297
290
295
292
294
299
278
296
293
294
293
284
299
296
299
291
278
296
294
290
298
280
295
292
301
295
292
296
654
294
295
296
296
297
292
291
292
294
295
296
296
296
295
294
297
292
290
289
296
296
293
294
292
297
292
291
296
293
292
282
300
296
295
297
278
296
289
297
292
278
295
889
290
295
292
296
295
292
296
292
293
295
297
296
295
292
295
296
292
295
296
299
296
296
295
296
296
296
294
294
294
288
280
293
288
296
298
278
299
294
296
289
282
291
782
288
295
296
290
294
296
291
295
296
295
290
296
291
294
294
297
291
296
296
296
295
292
295
294
295
282
295
294
291
296
276
295
294
293
296
276
295
296
291
298
279
291
887
295
294
294
297
294
295
296
292
295
294
297
290
293
298
296
295
294
294
295
294
295
292
298
291
296
298
297
291
296
294
282
293
288
293
295
280
291
298
292
292
279
296
853
293
296
294
295
293
292
293
290
292
289
290
296
294
296
291
298
296
295
290
298
297
294
293
295
296
278
296
297
289
299
278
294
295
298
293
274
295
295
296
296
299
293
537
292
294
297
292
301
296
292
293
293
296
296
294
295
295
297
296
293
296
296
292
294
294
297
296
295
295
298
293
296
299
278
295
294
293
296
282
296
295
295
297
280
293
867
295
297
296
295
295
296
294
297
293
296
294
296
295
296
294
295
294
292
296
297
295
296
296
295
293
280
297
293
288
297
276
297
293
293
296
282
299
293
296
300
293
298
460
296
297
296
289
296
298
294
293
296
295
296
296
290
297
296
292
295
294
295
294
294
292
293
292
294
291
290
295
296
295
460
319
296
292
299
293
298
296
271
296
297
294
298
295
294
292
299
299
298
290
295
300
298
289
296
296
292
297
295
298
292
299
291
294
