175
60
128
27
11
282
17
12
168
6
138
18
23
21
6
18
275
3
130
14
75
16
3
11
316
19
126
42
8
11
4
52
128
3
132
8
3
20
49
0
168
18
137
8
52
21
11
5
178
17
122
16
0
15
37
14
171
22
126
157
5
13
4
46
184
35
135
142
18
40
23
31
175
26
144
185
8
36
20
20
186
33
148
178
12
26
28
42
181
20
111
143
25
39
14
28
176
22
129
183
12
35
14
39
188
32
146
320
27
26
22
32
178
26
138
176
8
32
21
20
299
34
128
170
20
21
16
42
148
28
135
154
26
30
26
32
191
31
142
137
17
39
36
24
185
31
128
152
22
25
31
24
192
28
291
173
25
34
31
36
151
36
263
175
23
38
29
36
180
31
138
173
21
32
24
28
183
31
132
179
24
43
30
18
195
30
128
175
30
34
13
37
188
41
129
149
8
34
25
14
187
33
129
144
22
20
10
22
274
33
150
142
5
23
17
21
140
20
138
136
26
27
20
26
182
26
128
177
5
40
10
31
184
32
138
138
28
28
15
23
187
34
118
136
13
29
11
26
185
27
124
134
30
32
10
29
141
31
161
155
12
12
31
21
195
27
147
173
19
4
15
35
188
29
283
172
11
9
13
29
181
37
125
138
24
24
10
38
185
27
124
179
18
32
23
27
178
20
123
179
35
32
23
20
175
31
150
173
5
10
21
27
336
33
141
144
9
25
9
15
298
36
152
158
21
40
28
36
192
36
140
144
20
32
19
30
179
32
153
176
15
27
66
28
191
29
132
278
25
24
32
31
188
26
136
190
21
37
25
31
191
32
159
184
30
35
21
33
182
24
143
341
18
23
33
23
186
30
254
178
19
33
31
34
191
31
126
179
26
59
37
23
179
38
225
176
20
37
17
41
180
33
259
175
8
22
25
23
344
25
155
141
31
27
17
36
189
14
127
321
24
21
13
35
195
29
130
140
14
40
31
29
217
17
134
149
9
24
27
24
190
25
124
175
20
27
12
41
168
42
145
34
168
15
30
32
188
36
124
13
137
22
5
31
280
29
146
17
164
21
11
40
192
23
134
34
166
33
31
32
153
29
206
15
137
38
22
32
183
30
139
32
164
36
14
26
179
28
128
11
128
34
13
21
181
33
140
23
104
21
22
20
184
36
260
25
167
8
25
31
181
30
142
34
140
40
9
31
182
26
123
31
167
38
39
19
181
40
324
30
167
19
15
27
176
34
142
16
130
40
34
32
189
25
246
16
167
23
21
23
181
29
123
13
137
19
27
32
184
34
250
23
141
35
21
33
190
37
133
39
174
28
34
35
189
24
158
34
106
68
29
41
296
28
125
35
176
34
51
37
149
34
243
34
110
43
20
16
292
28
128
30
170
35
33
24
194
26
130
18
177
43
30
35
189
30
122
22
135
35
15
27
194
37
138
27
107
33
20
42
114
32
144
36
184
31
20
32
274
36
240
23
146
33
10
26
189
25
133
22
166
18
57
30
191
35
145
23
129
30
21
19
187
20
139
16
135
34
22
20
187
28
139
16
164
36
14
32
187
31
140
31
165
34
28
22
178
14
244
23
166
33
22
26
193
36
159
7
239
33
17
38
180
42
133
18
171
46
9
34
229
32
136
11
177
34
18
35
181
20
142
27
167
21
19
38
184
22
233
33
165
31
23
26
311
36
129
29
166
29
19
41
279
45
128
31
131
29
32
23
201
33
133
17
167
31
17
26
74
33
118
26
176
44
35
26
248
34
127
27
202
28
18
32
198
35
151
11
171
41
37
45
190
25
156
39
170
35
32
29
209
32
138
26
170
30
19
24
206
30
134
33
171
36
27
36
222
39
132
10
135
41
7
18
230
19
302
22
79
38
19
23
180
21
135
21
163
32
30
17
178
18
124
11
331
19
19
25
290
13
121
23
160
17
14
27
143
15
217
4
263
37
2
7
176
23
207
17
106
24
20
27
173
17
106
15
408
22
21
24
183
18
124
16
173
26
15
9
176
20
129
24
160
8
8
26
187
28
154
19
167
30
21
34
189
27
121
24
139
36
13
27
189
34
123
51
303
34
23
26
176
39
135
30
167
17
16
32
187
33
136
19
149
30
23
20
191
30
123
23
212
20
23
27
183
18
118
18
142
42
21
27
185
27
130
31
283
39
14
34
154
38
162
27
25
192
29
26
194
31
142
40
21
180
15
24
183
34
129
16
32
176
18
31
183
24
137
21
19
308
26
17
140
28
127
37
16
247
14
28
187
35
103
37
34
174
14
44
186
35
132
33
33
182
36
30
160
45
138
21
9
183
24
35
182
43
150
23
15
190
32
23
187
35
136
27
25
182
23
39
180
34
260
20
19
146
95
35
179
24
136
31
21
188
24
28
189
37
133
9
19
188
13
45
293
30
143
26
27
184
15
35
184
34
136
20
19
177
27
16
185
40
141
28
12
184
12
33
187
19
160
29
17
190
27
44
185
29
125
19
22
176
33
24
184
35
120
37
20
164
52
27
176
34
238
24
23
190
22
28
185
35
136
26
29
184
16
30
185
34
118
28
16
149
18
27
177
36
142
25
18
182
22
27
193
26
128
19
20
188
23
21
148
22
154
23
23
183
22
28
179
25
202
17
23
179
2
14
142
34
136
29
28
180
25
33
185
34
134
24
23
145
26
26
159
27
147
23
12
177
26
32
182
25
146
13
16
269
29
27
181
29
125
18
8
177
16
14
329
33
253
26
18
146
33
27
185
40
122
28
14
174
25
38
293
30
139
34
16
179
20
30
186
31
136
35
32
153
19
36
194
42
149
27
28
142
11
42
187
30
136
24
14
186
13
37
180
25
132
28
22
180
26
24
290
25
147
21
30
175
27
42
178
14
158
34
20
145
8
36
150
8
238
19
17
181
19
31
178
21
133
13
15
171
23
35
189
25
135
34
27
177
19
35
191
39
139
27
17
142
13
29
197
34
135
36
20
147
22
29
176
33
118
8
13
145
15
9
240
29
140
24
18
177
10
25
181
42
119
13
12
139
6
26
191
36
142
37
30
297
21
35
175
8
305
25
14
187
28
32
152
26
112
19
15
182
22
14
201
43
123
34
5
192
27
31
175
24
128
29
14
179
22
25
174
24
87
37
30
178
20
32
174
32
242
35
22
174
32
20
175
33
138
11
4
182
18
25
189
41
131
25
33
186
14
24
183
34
244
36
28
148
22
27
182
22
125
20
28
291
11
25
179
39
140
17
13
176
15
30
199
27
129
29
17
181
18
35
147
21
141
36
21
181
14
35
184
22
138
24
15
178
9
27
139
23
141
18
24
317
15
19
193
31
128
22
23
46
173
35
147
29
127
16
29
39
177
28
180
17
131
32
29
35
177
14
187
23
278
27
3
22
172
27
192
38
137
32
22
44
177
28
148
34
141
34
28
18
182
29
194
33
147
28
26
35
178
35
275
35
143
35
26
34
169
11
146
23
151
28
31
31
179
29
153
29
143
27
19
34
176
29
303
22
127
26
21
26
222
31
204
32
304
22
31
31
177
29
181
30
127
24
27
25
168
26
194
30
147
18
20
30
173
21
192
24
263
14
32
29
133
28
195
23
126
26
11
21
168
16
193
30
128
25
18
41
164
23
180
16
256
9
3
33
162
10
178
17
128
25
3
15
162
38
191
27
125
36
13
28
161
25
182
30
142
23
10
40
163
21
144
25
123
22
25
29
163
30
183
7
136
14
11
40
162
17
293
13
209
26
16
33
138
25
194
34
146
27
28
36
179
43
158
30
131
32
21
35
181
39
184
37
138
29
21
44
179
34
301
43
128
24
26
32
180
34
188
35
128
44
32
32
177
34
190
43
133
26
23
40
170
24
191
35
129
38
16
19
169
19
152
36
143
32
18
40
176
42
211
44
150
35
32
32
146
36
295
18
127
29
24
26
168
22
181
32
126
28
23
31
300
33
180
38
140
28
20
36
170
31
182
19
130
39
27
30
170
30
185
24
224
38
21
36
168
23
186
34
233
23
33
42
170
28
186
38
132
32
11
33
169
36
180
34
317
10
3
30
163
21
179
18
129
23
25
30
161
23
179
23
136
20
25
15
184
21
180
20
137
32
19
37
161
24
173
24
135
35
23
20
166
25
174
29
220
2
13
38
133
22
177
23
125
11
12
33
127
26
189
23
130
8
6
32
161
29
192
4
145
32
28
35
144
27
176
30
122
30
22
20
139
16
181
27
121
22
28
40
169
26
186
35
125
28
6
21
166
39
175
35
138
23
13
31
172
25
136
33
144
34
23
35
140
26
182
26
143
14
21
40
175
22
184
19
136
21
22
23
180
32
190
20
22
33
33
41
184
38
188
37
110
16
24
30
184
36
187
31
133
31
18
23
179
44
192
30
133
12
18
29
170
38
186
25
145
28
31
40
177
36
179
42
132
34
28
46
171
14
340
30
134
8
18
32
171
42
294
37
195
34
26
36
171
42
186
25
150
35
26
25
37
177
275
33
121
37
14
29
26
190
160
30
148
22
19
37
20
185
180
46
129
39
8
41
34
185
142
25
114
42
28
32
30
340
178
30
122
31
21
33
25
178
192
40
132
14
16
30
25
176
189
31
146
34
19
24
24
176
153
41
4
29
37
38
24
153
410
34
141
25
4
23
13
186
180
20
123
27
15
27
34
177
156
42
141
20
30
21
23
181
179
42
376
17
11
33
17
322
178
30
128
17
22
39
21
308
306
33
137
27
22
17
25
171
190
18
130
25
29
31
34
172
186
20
135
32
35
25
29
78
192
33
138
36
3
15
8
189
185
34
256
22
12
34
27
171
189
36
133
35
27
30
26
176
186
32
133
18
21
41
27
169
187
32
212
25
20
24
18
175
180
27
110
26
5
30
8
180
206
22
116
32
15
37
9
173
191
25
39
28
29
24
34
182
194
33
149
26
13
32
25
182
191
30
226
30
21
46
31
176
186
32
150
17
11
41
18
174
193
24
197
32
40
46
28
175
152
26
144
44
21
41
12
244
281
30
119
30
12
27
31
174
193
28
131
10
25
36
36
144
197
31
129
19
25
42
20
175
189
31
139
30
19
22
12
191
295
39
136
35
29
27
29
180
191
34
112
31
16
23
21
157
187
27
159
39
32
36
17
175
182
45
137
34
22
30
33
195
180
42
142
43
7
42
42
181
194
21
133
21
13
36
27
182
83
32
141
22
13
35
20
174
278
32
129
30
22
17
27
169
176
20
128
30
3
23
24
304
184
39
140
19
31
34
29
171
293
32
134
13
23
27
32
138
297
33
124
25
24
25
6
168
178
26
132
10
21
44
8
168
148
26
134
33
15
36
15
171
187
22
256
23
27
25
24
148
179
23
141
39
25
22
25
188
183
38
218
28
15
47
31
173
185
43
240
38
30
42
36
173
184
29
116
26
23
37
25
179
177
24
127
23
11
37
23
154
183
40
217
35
16
43
18
183
185
23
133
14
14
33
24
296
188
32
149
32
26
42
35
322
180
24
205
24
29
27
26
176
179
38
138
29
17
30
46
317
186
35
143
34
29
25
25
283
180
24
138
31
21
35
27
176
201
31
122
43
34
38
13
179
186
38
132
33
15
31
18
284
180
33
229
28
11
35
12
152
460
39
231
56
28
29
26
30
325
30
172
18
30
36
38
31
322
25
199
40
14
33
40
28
333
34
226
20
22
30
25
22
329
50
286
36
22
36
30
40
327
26
212
29
24
31
28
21
442
30
198
25
32
35
15
38
579
20
196
27
20
33
25
26
335
40
158
60
34
39
16
26
414
36
331
68
13
26
37
39
326
68
520
15
42
38
28
34
325
31
202
31
30
29
33
41
319
27
196
61
26
46
10
35
330
26
317
34
34
40
26
34
453
60
164
37
18
92
35
38
340
36
213
21
28
32
20
24
341
27
163
31
33
32
34
33
339
27
199
27
21
31
32
40
338
29
266
34
13
40
26
43
449
39
156
18
26
39
34
24
334
26
218
27
25
25
17
40
334
31
221
23
11
37
34
46
343
29
195
29
18
35
26
39
306
28
166
28
25
37
33
35
343
22
197
34
25
41
20
35
339
27
283
42
17
35
17
26
531
28
176
63
27
35
31
25
595
27
173
33
18
30
23
18
303
28
191
17
7
31
11
32
339
42
206
32
29
40
24
34
301
20
206
22
5
45
30
32
302
21
165
19
20
29
25
21
340
39
173
37
25
27
27
38
328
42
202
50
20
47
37
49
303
23
181
42
13
31
20
32
460
36
196
19
32
35
32
34
335
37
276
38
16
35
23
39
337
25
194
28
26
37
21
30
325
44
121
25
18
26
27
37
348
38
168
24
26
28
28
40
334
22
284
8
13
17
26
19
295
38
144
13
9
26
22
33
343
36
193
34
18
27
10
10
331
22
168
20
8
17
17
13
576
14
272
16
10
14
15
34
317
28
163
24
1
15
0
33
328
18
188
16
26
26
5
21
296
27
477
32
6
24
21
23
453
27
227
24
20
32
45
39
342
34
239
36
26
36
39
37
711
36
174
29
16
35
123
37
340
21
162
44
37
44
27
43
324
25
277
44
16
26
32
37
330
24
192
20
22
44
21
24
331
31
198
41
7
31
31
29
334
35
195
21
30
29
25
35
506
39
239
31
21
31
29
36
334
47
219
31
32
35
34
19
340
29
215
26
17
44
21
33
344
50
265
36
33
36
38
36
325
31
166
23
21
37
13
31
333
26
194
27
24
36
32
33
346
35
164
36
19
29
19
18
348
40
185
29
28
31
19
12
201
327
260
48
40
60
40
29
196
190
158
45
34
16
34
24
194
176
198
44
32
35
34
34
189
183
202
30
37
31
30
30
189
174
216
35
37
44
31
42
209
191
178
29
41
44
34
40
315
173
192
24
34
33
26
26
194
177
194
29
21
31
41
30
219
179
221
35
23
40
36
27
143
170
146
26
24
19
36
26
176
179
353
12
18
37
21
20
177
145
178
56
38
25
25
25
152
170
155
23
35
22
26
33
190
170
199
37
28
31
13
21
152
188
324
11
8
35
23
37
191
179
163
23
10
22
21
19
185
181
173
30
20
41
39
33
186
180
224
32
24
36
36
43
198
182
184
35
30
38
30
50
193
181
224
28
36
39
32
32
313
178
208
36
40
44
19
48
196
298
203
34
32
27
22
26
201
180
145
18
17
35
25
31
180
148
192
28
29
32
39
26
187
187
289
64
39
31
27
32
185
173
163
18
5
43
22
40
192
176
161
26
24
28
49
28
179
146
249
25
24
39
28
24
185
185
213
13
15
29
12
27
287
233
169
22
25
22
23
16
180
183
193
23
21
41
21
29
185
183
192
28
19
23
23
28
183
173
201
33
18
25
19
39
145
174
159
32
13
39
18
17
189
173
189
39
4
41
29
26
195
173
149
71
1
36
31
29
191
180
174
31
26
27
37
40
185
180
191
67
18
36
14
22
183
173
171
33
23
34
25
34
181
177
192
19
12
38
21
31
178
178
225
22
26
32
32
39
185
297
210
26
16
37
31
39
176
179
165
31
8
34
28
34
199
138
156
26
27
18
17
37
199
182
180
32
38
21
24
28
179
176
179
27
27
31
22
25
211
172
166
29
32
28
9
14
314
440
190
36
37
37
34
30
187
177
224
25
25
40
22
47
186
191
227
42
14
32
24
36
203
149
439
28
41
38
31
37
190
183
213
28
28
32
29
36
240
178
170
35
36
45
27
22
216
182
324
15
22
34
16
32
180
185
140
36
18
37
36
30
181
188
213
25
33
42
20
34
185
173
131
14
12
30
23
29
183
177
151
23
12
32
27
32
182
144
197
29
10
25
23
27
186
174
317
31
33
31
19
29
176
347
190
25
61
13
22
33
181
420
343
59
14
31
24
20
177
178
161
25
17
27
21
19
181
178
260
13
15
21
28
13
222
33
405
30
33
35
18
37
183
37
424
28
31
32
29
35
182
36
296
18
29
39
26
22
299
40
252
22
23
32
37
28
188
30
306
27
13
29
20
31
181
45
304
40
23
27
30
29
182
31
371
26
20
41
20
31
161
38
296
36
27
41
28
35
150
41
247
24
35
49
35
29
180
20
332
40
27
43
19
33
187
40
294
19
17
37
58
31
186
38
292
39
33
36
6
44
192
29
189
39
21
35
24
24
191
55
317
46
1
36
38
25
189
27
297
33
22
25
37
16
179
28
341
41
14
33
39
45
213
22
282
23
10
35
24
30
180
28
210
26
18
16
16
10
180
23
278
59
17
25
15
26
192
28
272
18
10
41
6
22
147
39
210
31
22
21
18
28
200
30
335
42
17
29
16
36
194
30
232
28
28
26
28
39
197
37
546
12
18
29
22
14
167
38
201
31
22
28
20
38
200
34
267
35
26
32
37
36
196
36
165
38
26
29
122
34
185
38
240
31
19
33
26
25
185
23
213
34
20
31
25
23
194
30
279
35
14
17
25
31
191
36
276
40
24
33
27
42
273
39
282
43
22
45
27
20
195
35
282
37
27
41
24
35
189
31
391
37
17
38
25
29
191
41
214
61
25
31
26
37
193
38
284
21
17
31
17
39
189
28
214
26
20
36
29
23
188
17
280
25
3
25
23
26
187
47
270
31
33
39
23
30
185
22
211
44
8
39
24
27
220
36
173
36
24
28
31
26
198
30
288
59
23
42
19
40
222
36
222
22
12
29
37
37
147
30
282
23
14
32
30
22
182
28
384
29
18
38
24
34
186
28
221
26
26
24
20
41
191
20
222
41
17
30
11
28
185
34
218
63
24
30
12
36
191
39
229
36
14
35
27
36
185
32
292
31
25
34
22
34
183
36
272
29
16
12
33
39
196
25
286
39
28
32
25
29
299
21
278
25
22
27
23
38
180
27
232
60
24
30
25
25
197
24
446
24
18
19
17
22
192
54
246
20
17
12
26
29
327
29
415
22
34
20
17
33
289
38
207
33
31
39
34
31
198
18
229
30
13
31
59
35
190
13
236
23
10
32
26
37
152
21
215
31
12
15
25
22
311
25
269
14
16
20
7
39
152
35
232
23
15
29
25
19
180
37
241
14
23
29
18
19
187
31
183
184
21
37
43
23
182
16
195
199
31
33
25
31
186
21
194
171
17
22
22
32
189
37
159
273
13
32
20
16
177
37
211
180
18
16
24
37
185
25
327
450
27
37
23
21
181
24
200
184
26
22
18
41
183
45
176
177
23
46
29
31
347
18
172
211
24
23
34
33
155
31
326
288
17
40
25
38
184
31
205
177
13
33
29
39
198
37
215
191
31
31
8
42
291
34
141
180
21
24
25
31
183
24
212
191
28
39
25
45
202
33
181
185
23
12
14
51
183
42
181
175
15
22
27
38
207
32
191
180
37
45
22
45
189
26
174
208
35
39
22
41
183
24
168
174
41
36
58
36
189
22
166
179
23
34
36
24
191
26
221
276
28
40
34
32
316
16
240
176
36
29
20
44
157
42
175
176
31
38
27
35
196
33
260
182
24
48
31
37
180
30
171
184
23
33
37
44
184
29
285
286
30
43
23
34
154
22
178
173
27
18
32
33
180
36
180
173
17
27
29
29
185
16
174
184
16
35
17
30
141
37
261
179
6
31
24
25
343
35
152
149
34
26
24
29
146
33
219
335
30
41
37
44
195
47
224
182
33
33
22
31
189
37
176
149
21
39
30
33
191
42
191
174
37
27
37
31
277
41
201
175
18
47
20
51
195
25
220
180
29
31
31
44
152
43
166
185
32
25
27
42
333
16
251
192
24
27
23
26
194
38
187
175
27
37
29
42
305
42
213
171
24
45
22
39
185
34
324
314
20
37
17
25
182
39
231
171
17
28
57
37
195
37
254
185
42
24
33
34
186
33
193
176
15
43
19
36
185
35
233
173
7
13
17
33
180
36
234
185
33
27
38
32
259
28
198
404
13
35
23
30
183
22
324
176
24
43
16
46
155
26
213
169
22
42
11
39
191
41
136
179
34
31
62
38
184
25
173
146
31
31
17
19
184
36
220
134
18
47
11
36
175
39
167
175
15
28
7
30
291
21
201
180
14
36
26
36
311
27
238
178
27
24
8
26
197
24
162
153
24
55
21
42
199
37
181
182
35
36
36
33
199
44
137
149
50
38
25
41
193
36
193
191
16
21
22
37
195
25
186
181
31
37
21
28
195
35
272
189
21
30
25
25
188
26
269
162
25
13
32
23
181
32
186
174
34
23
38
35
190
25
181
38
180
39
24
25
184
39
160
32
136
32
18
38
183
28
190
30
180
36
109
38
187
16
206
39
133
40
25
41
193
27
185
31
352
34
27
40
193
41
188
36
141
31
14
34
187
45
208
35
136
45
33
44
200
18
208
40
170
37
20
19
188
43
78
33
300
44
23
32
182
19
195
38
170
42
32
37
183
48
162
40
169
37
44
78
201
32
136
20
172
30
33
27
189
25
160
20
170
30
26
33
194
38
147
35
140
42
18
15
187
34
212
35
175
44
13
45
198
32
314
28
240
28
36
32
202
29
153
24
136
27
28
38
188
38
276
35
270
26
24
39
184
32
209
76
173
38
34
27
163
35
202
36
131
36
13
39
197
21
202
27
136
34
40
48
193
24
211
46
175
32
20
45
191
30
200
28
134
38
28
32
189
30
197
30
170
32
16
28
189
25
327
15
169
39
31
24
137
31
203
29
235
21
19
38
186
30
227
34
171
29
94
33
188
14
187
31
172
30
25
38
321
30
126
56
131
16
27
20
189
23
155
26
138
37
1
31
180
15
206
16
177
28
32
24
260
43
327
16
174
18
19
25
190
36
173
24
169
29
30
34
187
34
190
30
177
35
30
21
177
44
191
25
102
38
11
23
186
31
270
40
167
19
29
38
188
38
280
14
175
24
10
40
176
28
163
20
168
35
2
24
184
28
152
18
137
34
16
47
200
35
178
27
129
29
10
37
217
34
291
30
179
27
21
36
190
35
279
29
177
42
27
24
187
32
190
18
179
35
61
28
197
38
202
27
144
39
27
39
194
47
174
34
296
32
25
36
186
32
200
23
135
47
14
32
193
44
207
34
140
42
26
36
149
37
234
28
170
31
20
28
194
37
184
31
139
41
24
33
196
30
192
15
164
39
21
30
178
29
205
34
174
32
21
41
104
35
147
23
164
35
24
23
186
33
161
30
146
52
17
36
193
40
190
24
175
29
20
43
176
23
177
20
144
41
23
34
176
26
204
6
174
17
18
24
196
38
251
23
147
44
31
33
404
26
199
16
177
26
15
45
289
34
191
34
135
36
20
35
148
38
411
29
171
45
24
50
183
35
419
23
170
39
27
47
152
40
166
37
170
33
15
38
183
37
167
33
171
45
32
38
178
39
167
24
170
36
18
30
301
44
283
19
28
183
41
44
216
39
165
32
14
178
27
24
230
34
205
73
25
180
46
43
183
22
305
43
21
185
38
39
366
36
224
23
21
182
28
26
157
38
262
31
7
188
32
45
160
43
205
30
28
142
23
38
189
40
196
24
22
187
20
38
166
50
18
25
32
188
31
52
310
51
136
36
10
184
25
41
181
28
338
29
33
196
79
44
184
28
194
20
23
256
24
43
185
44
187
22
29
180
20
35
155
55
162
37
22
183
32
40
148
29
160
22
36
183
32
40
197
40
307
28
36
182
21
41
199
35
161
70
33
169
15
30
322
18
194
21
30
180
27
15
182
36
164
61
20
182
27
29
175
27
153
22
31
196
26
42
189
25
201
9
21
143
14
37
183
34
166
13
15
173
17
18
184
33
190
23
23
168
26
27
188
39
180
21
23
175
22
31
200
34
206
72
36
319
22
41
320
27
200
16
27
181
14
37
188
38
147
30
20
316
34
24
208
42
178
24
23
182
31
39
184
30
200
31
17
312
30
32
185
41
307
29
26
326
26
41
211
42
206
29
38
183
24
45
192
34
168
36
27
188
43
38
196
34
325
45
37
179
38
41
193
28
192
21
30
186
30
46
192
40
168
45
30
177
35
41
185
38
164
12
28
194
33
32
186
34
308
39
24
199
39
28
187
36
300
22
31
187
24
35
192
27
167
36
26
186
29
21
198
36
194
32
15
185
34
36
340
27
147
32
30
177
32
36
186
37
311
18
21
152
10
32
196
34
170
31
23
184
95
50
191
36
155
43
37
327
31
30
188
40
242
26
18
171
28
34
196
38
302
15
17
174
22
26
200
30
194
35
26
172
22
38
196
32
150
32
33
147
25
21
307
40
194
36
25
173
30
42
185
24
166
41
20
181
32
39
201
48
175
22
10
182
21
40
409
32
205
33
21
179
26
35
180
22
197
7
27
182
39
30
190
29
182
45
37
188
23
39
190
24
160
22
40
174
24
30
185
24
323
19
24
174
26
19
190
54
186
23
22
175
14
42
203
41
208
45
18
189
36
38
189
41
206
26
9
181
38
43
191
40
176
22
8
174
41
32
194
43
272
36
27
188
20
42
204
47
163
38
26
151
22
42
200
36
323
35
20
179
14
35
156
40
165
28
34
183
38
47
183
46
183
15
7
33
185
41
187
31
168
38
30
30
171
23
187
31
197
48
23
28
210
32
200
33
173
17
20
35
173
35
331
32
187
12
25
36
166
30
192
13
210
28
31
36
166
28
195
32
173
13
16
33
168
76
191
29
272
29
29
33
171
37
256
45
216
62
34
46
179
45
186
35
269
31
30
38
171
41
216
39
202
26
21
49
186
33
207
30
191
28
37
47
279
41
187
25
281
35
16
48
182
20
264
25
315
28
32
35
169
24
181
39
165
57
25
41
171
38
199
20
166
25
21
26
263
44
314
29
197
29
39
49
181
24
179
37
171
31
33
36
189
39
222
36
190
26
17
38
173
9
213
40
177
33
31
43
174
48
209
22
171
36
35
40
173
37
188
36
166
36
27
43
141
47
185
28
204
16
27
50
177
41
187
27
164
43
22
43
134
39
207
42
158
25
21
48
284
28
197
47
171
24
30
33
169
32
187
35
299
34
28
35
170
46
186
43
155
18
30
27
178
34
182
30
176
30
40
38
485
39
196
26
199
44
34
36
175
40
183
31
183
24
36
32
141
65
180
39
150
37
40
32
178
26
174
25
138
33
22
30
165
67
180
44
191
10
25
38
170
30
180
28
165
27
1
20
311
13
186
30
273
24
6
32
162
50
184
31
206
16
34
12
163
19
177
35
183
24
16
30
162
41
150
31
203
17
6
28
162
24
175
23
171
22
20
35
164
45
193
35
431
13
21
43
332
46
184
34
193
27
7
31
170
28
186
30
198
20
35
20
192
30
184
38
257
32
32
30
168
37
198
31
203
15
15
29
145
42
187
43
158
27
18
33
170
17
179
42
156
28
14
38
263
31
181
37
212
28
20
34
168
28
201
19
260
45
24
23
185
34
284
25
292
32
34
28
168
27
181
43
149
38
13
36
174
32
184
37
211
22
30
26
169
22
328
47
205
56
18
34
174
27
300
42
196
40
21
22
172
30
202
41
300
38
26
40
169
30
188
36
206
38
35
48
134
36
196
36
192
30
24
33
175
29
148
25
190
21
12
40
167
22
185
16
201
27
30
37
230
36
178
26
298
20
28
27
166
34
143
24
146
23
32
43
148
25
188
37
168
34
32
40
167
30
193
35
170
21
15
32
166
31
186
24
290
26
14
29
133
22
187
36
180
40
28
38
24
178
336
34
177
25
36
39
14
176
150
41
194
26
16
48
27
295
436
31
279
40
29
47
24
190
286
37
332
30
39
48
30
175
182
36
165
22
25
49
24
292
356
24
210
32
26
40
33
149
189
37
137
30
23
38
32
292
227
15
208
35
25
28
13
182
181
39
277
39
3
44
23
185
196
31
207
29
13
40
62
189
183
39
204
15
31
24
14
245
177
45
164
25
5
39
35
146
213
33
341
28
30
45
23
337
181
37
174
27
5
36
27
173
139
29
210
29
25
39
26
179
213
34
233
33
23
37
37
183
179
35
219
28
24
38
25
185
185
35
291
26
7
32
19
173
199
30
504
33
40
41
23
302
187
33
191
28
15
24
30
171
186
52
171
29
27
35
12
179
200
28
164
23
11
12
20
178
183
33
199
31
22
34
25
176
227
39
208
26
30
23
16
172
327
47
265
31
19
32
25
251
186
15
203
33
36
39
31
170
180
34
173
19
31
33
23
171
143
46
159
44
20
31
25
171
288
26
178
21
33
32
17
170
191
36
203
19
19
34
29
171
177
30
162
27
27
40
23
142
195
30
162
53
32
44
37
172
315
37
219
26
17
44
27
299
188
28
150
40
17
39
28
175
190
30
194
37
22
30
27
175
220
22
165
27
16
31
6
182
185
23
203
34
30
33
26
286
208
16
211
49
18
24
30
174
195
38
168
20
12
41
25
180
88
30
212
14
32
31
21
180
142
16
159
26
6
12
12
176
87
32
226
21
24
22
48
169
64
22
192
24
11
23
20
326
140
28
170
12
8
17
12
167
93
26
193
16
12
25
30
299
141
19
166
28
9
32
20
133
141
26
165
20
26
17
16
288
188
33
218
79
37
36
37
183
194
37
131
34
32
28
29
175
192
37
161
42
36
35
46
174
300
29
166
22
12
46
18
180
187
27
173
29
6
40
21
184
180
45
155
22
32
36
44
175
145
25
252
36
20
35
14
141
194
47
175
37
12
32
28
175
187
35
170
27
18
41
28
171
316
30
161
35
33
36
27
173
182
28
186
41
7
37
18
147
187
46
159
233
38
33
31
180
190
39
339
22
33
33
20
251
189
37
323
17
26
25
19
429
181
38
178
33
25
19
18
174
179
29
171
29
19
37
28
172
464
50
184
53
23
43
39
32
475
19
165
32
10
37
27
33
433
31
191
33
22
26
78
27
315
23
151
27
18
22
17
28
466
37
145
24
30
37
30
20
471
39
131
18
26
32
23
33
257
46
153
24
24
38
33
10
331
44
185
59
27
35
30
20
561
46
210
35
18
27
34
38
589
31
155
57
26
43
20
27
297
35
276
29
32
40
26
38
328
37
128
14
26
36
24
33
340
38
133
31
38
28
37
29
337
31
271
12
12
20
28
31
330
33
180
35
9
39
33
38
501
26
164
29
21
29
26
38
571
47
147
36
20
28
31
41
346
38
205
17
21
31
27
45
537
33
135
29
27
41
29
41
337
46
145
36
37
41
31
22
335
32
172
25
19
42
21
31
496
21
302
30
17
32
21
31
307
41
156
33
26
35
32
42
346
45
169
35
28
37
13
42
464
16
419
26
10
29
11
32
451
31
146
8
21
34
16
26
296
34
160
25
30
13
53
7
356
34
206
17
7
14
13
11
335
26
186
11
11
39
20
15
328
30
181
34
15
25
26
32
331
13
122
9
27
40
15
38
340
22
142
28
7
21
28
20
460
37
242
26
21
29
17
17
340
31
123
24
34
41
16
36
344
43
370
24
9
27
28
40
336
50
161
23
21
33
22
9
338
38
242
26
19
34
22
30
336
28
270
21
9
29
21
20
340
36
158
19
14
35
26
34
452
33
258
18
24
31
24
28
320
15
139
26
4
31
22
26
537
1
195
21
19
24
6
31
415
37
131
19
2
22
30
31
305
20
209
13
3
33
25
31
327
18
120
19
29
51
18
16
317
33
145
14
18
41
17
37
452
24
126
22
18
26
19
37
324
26
107
33
8
30
3
23
333
13
192
35
28
30
25
23
287
22
188
19
12
25
8
26
336
21
152
17
3
17
30
18
326
29
128
9
5
30
26
33
320
28
120
23
27
28
16
27
329
25
189
7
18
27
13
19
341
25
125
11
20
28
1
26
332
31
193
1
20
26
15
25
342
31
208
41
7
31
21
29
332
27
158
38
21
33
8
28
341
24
159
25
16
48
25
44
303
41
309
23
16
32
38
29
333
19
267
20
17
36
32
27
594
25
115
35
17
27
31
23
346
39
200
35
17
41
24
29
341
46
305
26
20
27
31
30
179
177
159
23
23
40
10
25
187
189
106
5
6
20
12
23
180
131
166
27
24
31
47
39
174
185
167
24
21
33
25
17
187
130
204
14
17
39
19
7
162
181
192
32
13
16
19
26
185
172
140
29
23
37
20
29
183
167
117
21
19
18
17
31
189
174
136
26
27
19
30
25
196
172
145
29
15
43
28
26
187
251
169
23
21
28
10
26
180
329
139
22
11
28
34
32
177
178
166
22
14
36
31
30
179
171
151
28
25
32
18
23
192
176
279
25
25
28
22
22
194
176
139
24
10
18
28
34
196
191
184
42
21
32
37
33
196
189
148
32
37
44
26
46
145
176
178
32
19
29
27
42
190
242
281
28
37
38
39
33
308
177
273
30
31
37
20
41
346
191
141
27
19
20
26
29
182
192
138
34
33
37
25
47
180
342
132
28
32
32
30
38
180
293
135
30
26
25
23
31
395
132
241
2
9
18
22
11
175
177
169
19
12
31
15
27
184
168
135
24
29
13
6
29
179
337
134
22
3
22
4
27
183
246
132
22
14
554
11
17
141
140
140
7
19
26
17
34
177
146
125
19
8
24
10
16
191
280
149
36
27
33
42
39
182
178
213
45
15
24
27
40
191
184
128
24
8
33
22
34
201
327
168
30
25
34
37
29
196
181
161
74
9
34
21
38
197
461
153
33
18
29
34
39
187
313
145
29
14
28
26
26
182
182
178
27
22
32
25
26
182
184
190
43
38
32
34
42
186
156
121
32
34
38
14
25
193
178
171
32
18
24
82
27
188
176
144
26
25
32
19
40
144
138
174
24
23
39
24
44
192
184
178
23
8
38
32
26
186
182
134
20
15
39
13
33
180
186
134
58
28
24
27
30
193
183
209
30
29
38
33
41
202
177
151
27
4
31
23
36
191
183
189
25
17
31
26
37
195
149
235
25
25
24
19
36
188
174
236
40
26
38
35
30
194
186
206
25
25
45
32
18
285
175
115
16
19
23
21
37
203
175
287
14
24
35
24
12
179
172
225
34
29
30
12
23
246
142
111
31
13
34
23
28
143
178
161
42
21
37
29
27
270
192
207
36
28
23
21
34
183
186
237
17
19
36
30
33
144
305
191
24
10
28
22
27
177
174
134
50
14
28
14
37
183
173
140
14
29
29
30
16
201
46
211
20
18
32
24
38
198
31
343
32
14
22
28
26
310
42
234
23
13
41
30
40
181
36
224
28
27
38
12
24
180
35
192
22
26
22
29
41
180
25
237
34
9
33
16
37
180
34
222
34
27
34
27
30
181
40
237
17
17
25
16
30
191
37
265
20
31
33
33
30
149
25
174
25
25
25
11
36
319
22
293
13
22
42
22
40
178
41
219
25
19
29
23
34
178
30
174
35
19
17
24
22
211
39
293
55
12
31
36
34
182
25
181
24
31
29
14
20
189
35
199
39
26
35
20
28
189
33
206
41
12
41
42
39
179
18
352
32
31
39
32
45
186
42
218
35
17
42
28
46
203
24
289
22
25
42
24
39
181
43
231
54
13
33
7
42
185
39
171
5
33
19
18
28
185
31
234
22
25
40
21
32
181
25
171
31
29
23
25
26
187
31
290
33
30
43
29
39
185
28
169
24
14
29
22
21
177
34
218
27
21
37
23
32
194
20
187
26
15
43
18
43
192
41
280
18
27
33
23
33
179
31
230
32
15
31
11
36
284
37
169
19
27
26
36
33
179
27
169
31
15
41
23
35
190
40
233
20
34
40
28
32
196
27
170
67
30
41
26
25
191
37
172
36
11
42
29
34
185
33
211
27
20
43
29
37
192
20
170
35
31
26
20
30
272
39
159
31
26
26
21
26
148
30
234
40
24
32
14
30
191
34
280
34
42
46
19
37
173
22
228
27
24
35
23
28
186
22
222
22
20
16
29
27
186
41
228
31
5
32
54
33
312
45
164
34
29
21
34
32
195
35
167
23
20
20
24
35
144
27
350
26
19
29
32
34
192
31
166
16
6
28
21
21
182
28
178
25
5
18
22
30
198
45
276
44
28
43
30
34
183
27
234
19
34
39
38
30
175
26
370
37
31
30
65
47
186
31
225
15
17
42
27
42
143
36
335
71
27
50
18
40
184
44
238
21
26
35
23
47
192
35
226
35
23
37
8
38
182
38
232
27
37
31
24
38
191
39
207
46
12
34
21
44
336
45
168
36
31
26
32
39
194
37
243
30
20
28
20
29
304
38
233
34
32
37
32
40
182
32
184
60
20
46
26
27
190
39
197
41
17
28
24
32
182
25
185
27
3
45
32
44
176
32
244
34
21
38
19
22
287
45
197
178
28
29
18
29
185
31
169
177
23
37
26
27
182
24
140
290
31
41
57
37
438
35
160
176
9
36
27
26
135
29
178
269
26
34
11
39
179
36
163
174
11
28
10
29
138
37
128
176
33
36
12
33
279
32
153
141
22
29
39
22
