220
96
106
96
106
96
108
98
96
106
102
108
96
96
98
108
673
366
230
80
254
80
108
90
78
60
78
90
90
90
88
48
80
78
90
60
90
54
18
92
80
60
72
94
94
74
94
16
88
39
26
39
91
92
42
16
80
50
86
80
34
16
80
44
34
42
32
42
44
44
42
26
94
92
80
80
90
42
82
16
26
16
44
92
43
44
18
26
76
94
92
92
76
80
42
26
28
42
44
42
50
98
18
80
92
94
76
92
76
92
42
44
42
26
42
42
76
16
42
90
48
78
97
80
78
90
56
90
92
26
26
90
56
28
90
90
90
90
90
78
90
60
26
279
108
138
98
138
106
108
90
48
92
90
78
102
48
60
18
92
78
16
48
56
90
26
48
50
90
92
58
92
16
56
60
90
90
18
18
28
26
90
48
92
78
90
90
80
28
48
58
46
16
18
26
58
100
108
108
90
92
78
60
56
90
100
90
18
60
26
56
26
46
60
18
90
60
92
80
32
90
80
26
18
56
28
56
16
52
62
16
26
82
52
92
56
60
230
234
88
248
251
1060
98
108
114
108
106
106
108
110
92
108
108
108
138
60
48
26
58
80
50
106
106
90
90
80
60
60
26
48
56
92
26
26
26
90
26
90
60
90
18
56
50
92
26
26
92
50
26
56
24
90
56
18
90
92
26
56
78
90
26
26
56
26
92
16
26
82
18
28
28
90
56
26
60
90
56
90
26
42
108
26
56
108
58
26
56
92
28
56
78
90
26
92
26
26
60
60
92
90
60
92
90
96
106
28
108
138
30
88
90
56
90
92
78
48
26
138
136
108
108
80
92
90
16
90
90
80
26
56
26
90
26
80
84
90
90
84
88
16
108
78
58
54
16
24
26
80
26
16
90
80
86
88
90
90
48
106
50
56
26
92
48
16
78
56
90
48
18
60
90
78
90
90
106
108
50
108
58
58
106
90
80
90
66
108
90
50
90
78
90
58
56
108
56
18
67
220
108
90
92
78
92
48
92
90
92
78
80
88
46
90
78
78
90
50
90
94
78
90
78
16
90
56
28
16
18
18
80
88
90
90
92
80
92
78
94
18
16
78
58
46
28
92
26
60
18
92
90
92
90
82
90
56
28
48
26
58
42
92
56
58
26
90
94
80
58
90
108
28
56
26
26
26
26
90
90
48
56
90
136
82
90
78
26
26
56
90
90
26
46
50
26
78
28
78
90
48
16
90
26
58
28
58
90
28
58
60
56
50
60
90
90
60
18
80
56
26
18
48
108
18
46
28
56
58
90
88
48
58
16
60
58
90
16
26
58
56
16
90
18
56
60
94
80
18
56
48
92
42
26
26
26
16
26
90
28
106
92
78
26
26
96
92
90
98
96
108
90
108
90
108
80
92
98
80
90
90
78
106
108
108
26
26
106
48
96
90
48
78
90
90
60
78
78
108
90
26
88
16
26
26
80
26
78
58
18
90
92
90
92
78
90
26
26
90
78
48
26
18
92
26
48
50
90
48
80
90
108
92
16
92
28
56
16
58
60
16
92
90
92
90
92
56
92
52
28
58
16
26
56
16
58
80
60
108
90
90
46
90
92
26
26
18
56
16
18
56
16
16
48
112
60
96
90
90
78
90
26
58
90
92
26
28
28
18
78
78
48
78
108
92
18
90
56
16
80
26
58
90
56
18
26
50
60
18
78
62
26
92
26
48
58
18
16
78
32
48
56
92
94
18
90
80
18
90
16
26
26
16
26
58
16
90
90
92
92
26
56
90
28
56
26
26
16
78
58
92
60
50
78
90
50
58
116
92
18
58
28
86
28
48
30
56
28
78
26
108
108
56
108
96
108
138
96
90
90
92
28
90
92
78
90
90
90
26
92
50
90
56
48
108
56
18
26
90
90
78
92
90
80
56
26
90
58
18
56
56
102
58
16
48
90
48
58
90
90
18
90
108
90
90
26
58
26
16
58
90
78
108
56
108
90
46
80
90
90
90
18
18
92
18
28
90
18
48
26
60
80
62
80
92
90
18
26
58
26
56
90
58
90
46
90
48
92
80
90
78
26
28
56
26
28
48
90
78
60
58
92
56
90
80
90
26
56
28
58
90
56
56
91
56
90
56
92
90
90
92
86
92
48
90
92
26
90
26
26
56
92
90
90
92
84
80
92
26
28
58
90
