166
103
79
75
65
271
109
168
111
62
101
111
106
84
204
108
95
108
92
91
123
116
96
132
104
115
215
108
107
57
99
101
91
90
113
94
95
102
100
99
83
103
93
75
70
77
103
83
87
78
97
91
79
85
95
96
92
85
84
91
74
88
74
85
68
66
67
67
57
61
78
79
228
260
71
72
63
93
68
102
89
236
81
84
75
48
66
71
73
69
51
67
173
52
64
70
49
67
72
69
56
57
63
68
69
45
76
63
54
61
63
66
68
64
79
69
63
66
76
45
62
58
67
57
39
58
53
66
54
70
63
56
53
69
80
110
118
196
123
109
113
262
100
97
116
101
91
94
220
87
96
111
109
115
107
116
96
123
209
95
93
104
77
62
38
54
55
68
55
66
65
113
90
98
78
92
115
104
85
98
93
75
92
99
105
80
102
103
79
105
72
72
94
103
61
66
32
48
60
87
72
63
222
66
53
53
71
109
149
246
125
117
115
94
111
205
104
114
114
86
111
113
103
120
276
105
59
53
44
47
68
57
68
81
58
68
49
58
54
43
70
65
60
66
51
74
63
65
52
54
71
66
37
66
51
57
78
93
75
77
65
50
80
61
88
117
131
227
111
110
124
119
131
132
107
121
111
247
115
104
111
106
189
91
87
83
66
70
74
92
226
79
51
78
67
66
87
77
75
47
54
70
49
62
79
81
56
78
69
83
71
49
160
118
82
94
69
77
77
111
117
130
134
115
86
118
129
117
118
114
120
114
244
108
131
94
82
62
91
90
63
67
93
69
76
202
60
75
65
177
80
67
67
71
65
76
219
127
112
125
125
118
107
125
89
96
54
113
124
121
114
83
115
119
113
119
119
93
116
111
114
107
112
90
96
101
73
78
82
93
66
55
51
58
68
68
72
178
65
70
78
81
64
77
61
58
63
71
55
59
58
54
66
242
39
60
201
80
80
71
71
73
194
67
51
66
68
48
50
71
61
48
65
69
58
73
54
58
71
55
66
52
73
68
49
77
48
39
122
111
148
110
132
131
147
139
131
130
139
136
113
143
237
142
114
157
99
93
85
124
102
103
101
72
93
87
74
103
82
91
130
290
115
229
80
86
96
108
215
114
131
136
120
118
129
127
115
147
129
137
130
138
129
117
143
133
125
142
106
139
130
101
89
108
87
87
79
75
74
101
92
90
78
101
94
70
80
233
134
125
137
143
134
134
107
117
139
127
117
139
117
118
131
119
122
140
96
87
86
176
467
107
99
93
185
83
71
85
98
84
88
85
70
78
85
90
77
83
84
96
127
119
114
134
111
121
84
81
75
96
91
75
93
104
92
95
79
98
70
83
99
91
183
92
88
76
92
94
78
93
97
90
102
72
102
75
93
71
82
98
94
72
61
47
99
87
71
397
70
69
152
78
69
44
63
58
66
75
59
49
47
60
48
40
74
69
87
75
64
54
76
65
84
85
61
81
63
76
69
70
71
73
72
34
70
76
84
265
69
65
65
53
69
68
63
64
77
55
66
77
75
62
55
63
81
76
55
71
64
72
72
96
70
94
267
200
207
60
55
99
128
124
122
129
127
129
120
125
102
60
79
62
60
70
65
78
74
63
55
73
79
70
72
68
61
80
68
61
59
82
84
93
173
77
65
68
53
66
68
94
76
52
71
76
62
63
47
88
70
70
52
60
59
78
44
84
69
58
62
66
74
307
197
212
68
66
63
61
75
57
67
57
68
72
61
55
77
53
72
64
87
81
41
66
61
66
83
109
70
63
64
71
74
101
91
94
83
236
61
88
72
79
81
70
81
65
65
44
68
64
53
79
83
65
53
70
58
58
58
102
105
120
87
137
133
109
143
142
419
124
110
229
137
114
115
113
126
126
102
93
65
40
66
78
72
64
54
49
57
70
71
62
67
50
66
53
57
64
81
82
75
62
213
47
70
55
54
67
54
65
57
70
60
57
39
64
82
65
46
67
97
100
101
96
127
68
60
63
76
69
69
82
79
71
245
234
64
65
62
175
67
66
51
51
55
44
68
81
58
73
48
59
74
65
81
55
65
60
40
118
117
131
239
126
120
128
145
201
120
123
140
110
128
49
63
77
72
37
78
143
89
57
76
68
63
69
55
63
54
73
63
58
59
70
50
79
74
75
72
72
206
68
178
87
84
63
71
207
37
41
69
218
54
73
38
53
58
73
78
111
107
112
111
103
98
139
156
112
111
93
112
113
215
99
119
119
70
67
70
103
112
91
98
130
80
70
60
48
62
64
71
56
65
70
50
76
63
51
59
64
130
53
45
66
80
59
211
60
65
196
58
66
63
48
77
71
95
86
72
283
124
123
108
123
118
117
106
113
88
90
129
123
130
93
115
122
103
358
120
94
102
105
98
123
111
117
120
112
116
71
55
54
71
94
83
60
78
84
89
117
111
114
105
98
116
103
108
116
119
129
141
129
302
132
127
125
270
65
123
303
127
96
104
121
109
104
99
314
120
129
109
123
115
109
115
129
129
117
125
121
96
114
391
120
107
107
94
91
107
108
96
108
82
72
48
56
53
68
68
67
88
68
56
66
75
48
61
66
62
76
58
66
68
55
78
64
68
67
208
97
83
95
106
142
99
126
330
93
112
117
106
114
117
111
91
219
103
110
99
71
65
66
67
50
77
68
79
209
66
57
60
63
59
49
58
73
91
62
55
61
77
71
55
80
69
62
59
69
54
48
67
85
75
66
60
57
66
53
126
99
129
100
105
133
202
107
287
116
112
110
82
104
97
209
83
69
87
109
88
87
88
93
115
249
71
90
79
60
72
77
85
82
174
96
146
96
79
84
61
89
113
80
63
79
88
88
47
82
91
75
82
77
89
63
86
86
71
78
81
91
76
75
93
88
87
93
82
87
95
96
53
61
171
72
46
73
84
77
54
65
208
55
47
66
74
79
62
68
65
82
67
198
77
50
90
106
103
237
120
108
109
99
101
134
84
70
64
57
69
71
74
86
64
69
73
101
121
119
117
108
117
112
119
128
123
128
115
114
113
115
118
89
119
103
134
123
127
124
205
120
119
115
129
116
122
112
109
229
121
114
122
124
117
132
133
130
129
115
141
284
86
105
236
116
110
95
88
128
69
63
68
71
51
66
53
71
60
59
58
92
54
48
62
54
78
77
232
69
77
62
90
69
61
89
108
112
116
91
73
84
76
79
63
78
231
67
77
83
71
72
68
72
61
107
223
134
109
123
114
113
109
123
108
127
81
110
114
336
115
85
98
129
86
65
62
57
63
65
73
75
62
76
65
62
67
50
70
79
66
66
63
77
65
69
65
61
68
83
63
69
80
73
90
83
85
93
55
83
86
73
215
59
75
62
84
68
54
111
113
77
81
250
74
89
66
79
73
58
60
89
81
65
169
89
48
272
93
73
59
68
66
48
54
45
75
69
44
71
74
63
85
82
89
116
130
136
119
121
120
130
123
115
132
128
123
119
