90
96
110
86
65
201
93
82
80
85
90
96
84
90
301
81
118
112
113
134
111
128
115
124
137
95
237
74
96
119
107
97
99
99
135
95
79
93
83
97
82
103
92
103
79
105
80
80
104
57
91
92
85
67
78
99
87
102
101
92
95
112
103
111
72
58
56
93
54
82
189
86
67
89
84
57
71
104
95
241
110
120
102
93
107
100
117
113
119
101
110
207
91
107
100
97
84
119
76
62
53
64
74
58
80
56
60
60
55
81
50
63
77
64
72
58
75
70
61
63
73
60
75
72
46
69
54
56
68
94
74
78
69
85
96
255
206
138
135
134
120
135
90
109
242
132
136
137
136
141
142
122
140
125
132
117
233
123
131
127
122
144
80
55
56
61
64
66
61
80
75
59
50
74
66
57
72
79
73
87
75
74
58
73
76
69
80
81
62
86
64
73
71
68
70
64
63
91
128
138
465
104
116
122
105
111
86
94
118
222
121
117
121
118
117
121
122
106
112
102
104
230
80
106
98
114
70
71
48
96
81
67
76
75
90
80
53
71
79
71
76
86
69
66
63
60
78
49
75
60
67
75
67
65
51
91
106
82
103
105
118
86
96
105
210
246
81
75
77
96
78
102
118
114
281
57
74
73
88
85
101
97
73
100
71
88
291
60
77
92
79
59
49
59
68
59
51
49
53
56
38
50
52
46
61
73
69
66
50
67
65
58
56
54
68
87
73
69
71
57
117
81
98
91
101
92
86
94
205
77
262
107
107
118
96
129
123
131
112
226
89
69
79
90
120
84
103
110
90
108
108
228
110
118
77
52
61
60
62
75
73
56
78
61
62
73
73
36
76
75
64
61
38
75
61
54
56
56
69
68
51
69
52
61
71
62
73
60
74
53
71
73
196
78
77
227
61
62
67
63
118
95
64
61
230
64
84
68
71
62
62
59
65
73
46
78
220
123
86
68
63
70
63
78
68
46
61
48
65
65
61
61
68
64
69
53
64
78
43
57
80
46
71
61
67
41
67
60
85
91
84
73
55
79
67
105
288
130
130
131
295
123
124
116
144
130
109
124
130
277
123
128
127
123
111
133
118
119
128
114
123
240
75
59
48
67
71
73
70
51
67
60
66
60
65
45
72
73
69
63
61
73
81
56
66
61
94
66
76
50
73
76
112
94
96
104
56
64
94
68
193
71
84
74
84
251
64
99
223
65
68
97
64
74
208
57
62
49
55
64
77
74
71
57
81
86
272
73
57
54
63
74
69
62
57
61
65
71
57
60
63
73
47
56
51
68
70
50
57
62
70
49
44
58
66
66
92
92
79
101
59
98
97
99
197
84
95
73
88
75
148
94
104
96
72
111
137
140
131
242
133
132
116
121
113
132
114
124
117
138
105
193
62
81
84
53
76
79
63
86
81
94
90
78
98
89
85
85
66
85
67
72
80
72
99
58
57
96
78
62
58
91
75
58
54
60
69
58
78
213
57
72
71
73
53
200
130
118
118
121
115
114
110
108
250
115
98
87
104
124
122
120
88
139
89
78
164
56
68
49
58
73
62
70
43
45
66
71
63
80
65
68
56
53
77
53
90
94
73
80
70
74
53
65
118
100
111
105
105
115
138
106
129
355
144
106
143
145
141
126
366
132
141
116
117
119
125
103
126
264
116
105
105
122
101
75
71
85
95
74
70
180
83
73
86
66
71
98
80
84
96
54
80
93
92
89
74
73
75
79
85
79
75
57
82
81
86
73
86
75
87
79
57
58
94
91
51
170
72
70
61
62
80
69
88
288
63
76
85
85
95
63
77
73
185
116
100
83
96
93
92
100
86
97
91
78
194
59
80
67
64
71
54
71
75
70
63
65
84
80
71
86
56
71
52
77
60
54
69
71
57
58
91
85
89
112
91
100
97
115
102
240
95
139
132
137
91
127
140
143
230
120
69
69
128
107
128
127
93
207
96
107
101
108
106
133
85
71
85
77
70
267
67
62
79
70
61
66
69
60
49
82
71
69
66
65
71
53
85
70
73
69
48
82
112
99
133
138
133
136
128
132
131
132
120
263
120
130
126
133
122
119
136
133
125
276
120
129
130
118
134
135
125
124
298
117
124
129
120
135
65
68
55
89
75
62
212
64
73
71
52
80
69
41
85
74
69
68
67
78
64
64
81
71
56
59
68
61
49
58
68
77
66
67
43
55
71
79
71
202
49
50
68
59
58
67
84
72
60
66
167
55
42
63
36
57
83
57
54
198
74
71
54
68
89
69
49
40
77
77
64
138
60
58
59
66
67
65
50
72
62
69
53
66
48
54
27
65
61
57
55
77
58
46
70
74
74
64
65
63
71
71
77
235
98
109
96
99
73
126
116
124
125
111
106
218
108
98
108
91
103
97
82
100
262
71
100
101
66
84
38
63
50
63
66
60
213
55
66
62
71
44
55
97
105
91
101
99
103
101
107
106
103
110
82
96
95
96
99
96
95
104
94
97
93
90
88
202
108
101
87
101
84
92
103
113
83
99
79
90
207
100
119
100
112
112
86
101
113
250
76
85
76
52
40
48
59
63
56
67
53
168
33
97
96
98
70
95
73
96
94
82
101
104
102
76
90
102
58
101
92
87
127
127
122
133
129
118
137
122
139
121
241
125
129
119
88
118
142
131
150
127
115
88
71
197
62
42
55
54
54
63
74
62
103
74
84
61
61
52
63
72
68
133
136
132
179
122
126
107
128
137
132
113
130
132
135
124
126
104
126
112
110
125
121
108
136
135
131
125
123
138
136
134
135
138
220
142
125
138
72
118
144
130
135
140
133
139
121
142
331
131
113
106
121
106
123
124
108
255
95
79
59
54
70
76
57
64
94
70
69
314
73
64
60
93
91
77
64
60
72
63
71
38
71
97
70
70
76
74
89
88
92
75
87
83
99
71
97
93
190
91
85
95
96
105
103
100
107
89
90
100
112
106
102
187
90
102
77
87
107
102
82
88
236
59
58
49
63
63
65
66
63
63
77
67
179
66
77
71
61
71
70
53
58
53
62
58
64
57
47
62
55
38
86
71
94
86
74
94
81
95
89
106
237
111
99
107
96
124
125
88
128
126
112
115
116
115
106
123
223
114
109
87
78
67
69
105
109
272
66
75
86
86
77
56
84
72
85
77
97
217
86
82
81
67
89
70
74
61
88
82
80
89
48
83
79
64
62
82
66
59
44
51
69
71
78
79
150
61
69
69
42
85
87
75
73
69
71
71
58
79
90
76
73
110
52
70
79
55
54
74
65
81
235
53
71
59
66
92
65
67
53
73
68
61
313
74
63
76
66
68
74
66
84
61
79
73
60
51
52
57
61
122
108
133
91
104
125
102
118
96
212
104
94
91
95
116
111
120
97
96
73
64
65
71
73
82
75
72
234
71
80
85
68
73
97
66
71
142
68
68
97
97
101
107
93
103
71
88
111
214
109
112
99
100
105
104
107
100
109
108
85
86
103
85
