366
152
198
170
291
222
113
196
94
274
102
234
198
121
167
273
116
108
99
66
113
94
110
96
222
204
98
89
184
178
90
88
237
130
218
95
87
86
85
107
131
248
122
113
239
85
277
91
85
106
92
99
97
134
746
104
98
94
95
156
98
95
70
78
404
126
129
135
133
123
111
128
415
115
267
133
141
124
129
552
90
86
106
110
546
120
109
105
117
109
108
121
93
96
140
111
101
116
113
340
104
104
109
118
233
82
93
102
79
61
87
100
193
88
145
192
94
113
125
124
93
102
174
151
181
110
98
110
113
109
147
120
130
85
448
146
88
155
81
131
122
216
185
200
324
111
318
555
161
128
84
72
80
112
203
61
85
52
64
140
328
150
120
173
452
90
524
64
63
75
81
99
328
198
319
118
132
110
260
102
82
106
79
156
319
63
75
84
81
69
61
143
146
137
227
109
114
111
119
116
121
103
310
107
544
113
167
115
111
133
187
138
116
101
200
696
90
113
94
135
78
91
77
120
327
90
140
129
116
112
122
127
126
324
644
151
180
96
100
111
82
268
108
180
544
102
88
99
122
88
98
103
103
67
475
122
151
112
88
113
112
100
109
197
234
115
353
495
140
92
113
118
104
156
179
119
114
118
126
490
116
118
128
337
254
152
388
136
118
91
106
120
126
171
194
93
81
96
351
104
145
102
108
255
268
109
149
148
135
119
222
149
174
193
92
99
90
367
215
121
107
100
124
235
135
119
123
122
93
251
259
133
484
159
198
121
105
129
123
116
115
91
164
379
112
114
117
104
263
185
119
296
105
253
197
116
113
106
110
117
132
123
125
195
168
114
123
191
80
60
71
56
73
578
332
136
243
37
77
144
152
99
80
158
130
74
97
68
81
74
78
99
250
405
123
96
102
308
91
52
62
54
62
258
154
149
76
72
70
74
67
153
71
190
90
86
77
140
133
283
57
74
67
179
85
70
77
80
85
67
371
204
89
250
436
102
106
137
92
98
95
82
247
151
86
54
84
80
123
174
141
105
110
111
124
122
146
118
126
127
129
131
204
114
76
107
103
142
110
71
98
100
95
118
94
69
70
85
98
104
183
118
78
502
181
66
94
201
99
93
93
99
75
500
141
107
130
138
108
182
137
346
117
126
111
105
139
91
190
97
96
245
221
204
56
117
124
102
123
90
132
132
136
246
232
133
135
355
102
104
206
148
130
196
125
123
135
115
100
125
130
114
114
262
86
165
123
115
118
114
112
119
120
253
124
419
145
117
127
122
122
153
213
426
147
131
145
178
306
123
93
68
75
500
199
112
216
109
126
130
121
115
119
121
102
137
246
205
133
115
137
124
322
121
123
121
130
108
119
166
144
111
113
279
99
97
106
88
87
118
101
101
157
151
109
92
100
125
225
98
144
108
99
383
91
112
105
101
120
103
159
128
57
135
113
207
95
87
117
95
124
108
323
474
217
118
128
135
133
199
156
150
144
138
144
154
139
282
132
117
141
128
176
150
105
129
135
133
133
95
91
118
128
138
205
202
107
115
132
95
131
139
122
117
120
105
109
105
121
125
120
262
98
696
306
131
125
78
75
108
121
121
189
169
131
413
373
164
244
113
103
111
118
147
104
153
150
139
144
139
162
142
465
169
82
97
112
108
79
115
119
184
302
186
104
138
140
179
268
115
121
144
100
194
168
157
568
158
158
82
194
498
181
139
702
427
124
145
120
299
275
219
273
828
165
147
146
409
153
131
139
232
511
105
385
113
116
134
122
165
172
380
154
120
112
127
253
372
108
120
108
195
118
102
100
93
99
135
190
130
124
187
132
101
104
89
149
187
97
108
968
664
132
98
159
178
156
127
96
115
189
237
128
138
149
147
137
280
215
142
112
147
135
121
144
158
151
107
138
643
967
176
136
130
105
77
194
115
122
181
150
138
289
114
145
127
124
119
347
145
116
85
70
100
149
144
144
97
157
171
283
146
121
112
112
131
106
87
110
92
99
92
95
164
119
100
112
109
105
115
126
126
101
100
123
381
207
125
129
336
142
111
146
137
124
116
504
104
139
99
119
122
120
119
146
169
140
317
132
110
131
120
124
55
48
90
104
114
192
104
182
97
70
155
135
94
104
104
145
113
102
85
97
66
107
130
89
102
85
100
91
101
100
94
106
113
56
52
333
248
112
140
132
109
169
149
159
374
192
148
135
102
391
349
110
123
120
139
192
111
123
112
488
111
112
112
114
84
139
131
781
100
117
99
130
104
104
154
219
136
109
85
280
133
113
87
97
127
394
102
94
109
113
128
94
161
99
109
93
94
112
191
239
225
271
440
245
142
292
192
190
207
213
579
328
304
137
487
359
261
400
194
343
135
171
176
228
541
269
82
61
100
274
105
79
96
141
489
168
129
144
209
140
156
205
182
187
208
165
95
128
115
154
183
78
106
133
748
306
200
143
107
126
333
117
121
154
313
