685
726
425
354
577
850
206
705
475
163
113
119
271
163
120
573
420
144
517
466
388
123
500
511
144
113
836
615
194
568
382
347
117
139
103
121
127
90
87
164
105
957
104
108
106
85
113
70
109
106
103
82
96
100
88
136
100
122
199
291
140
136
164
111
366
420
69
239
63
66
68
60
154
595
328
78
73
180
670
190
742
608
155
123
283
706
189
82
345
563
240
91
501
266
110
121
634
346
138
204
642
180
106
355
409
185
134
967
251
117
193
967
252
211
785
532
99
200
693
274
94
125
380
196
318
585
483
240
455
615
567
121
258
156
136
134
102
150
115
133
124
141
132
130
141
67
92
89
70
72
56
79
73
45
268
155
68
47
82
57
28
127
133
82
65
81
53
75
135
78
84
68
71
75
109
60
50
68
85
112
150
154
151
159
121
136
154
170
688
561
368
97
224
434
812
527
705
286
129
145
187
327
311
386
217
120
129
400
231
135
318
314
144
149
183
795
376
255
385
235
182
354
665
156
151
118
600
465
481
651
172
126
135
302
179
106
292
222
120
156
454
601
118
500
451
120
65
319
545
145
238
465
221
69
194
528
944
321
164
138
740
140
310
132
123
138
144
147
110
141
197
133
181
117
129
82
76
114
125
86
83
94
113
86
75
61
107
133
128
124
89
157
108
213
63
101
81
119
99
88
94
216
97
123
67
103
83
89
289
109
80
88
140
123
92
137
80
131
135
114
199
71
171
236
95
416
98
376
95
58
81
111
181
105
416
348
145
75
303
385
163
236
442
279
123
136
443
520
170
415
215
458
122
144
378
187
130
438
292
263
220
660
685
288
236
172
47
50
141
963
548
185
225
913
91
71
74
45
222
532
349
389
139
462
657
427
670
405
140
146
453
142
491
150
437
130
152
164
94
184
146
157
133
90
96
201
157
202
381
137
114
110
128
279
126
363
122
162
124
105
90
301
213
258
129
139
162
129
91
120
158
250
213
169
202
95
139
105
113
269
395
512
133
162
151
158
160
131
390
148
160
750
148
84
80
514
218
319
173
141
346
456
66
81
53
88
372
199
147
367
238
131
134
108
108
348
150
176
226
124
176
56
63
68
95
352
217
586
82
86
79
77
90
287
174
378
99
73
93
54
244
359
171
424
406
173
167
100
124
161
122
113
364
514
375
300
154
239
139
544
367
223
579
293
174
209
252
267
628
241
159
191
160
217
369
319
108
465
629
142
101
106
122
250
286
166
623
130
239
222
136
252
262
123
114
369
412
185
745
98
89
382
547
510
603
99
159
197
243
102
388
198
545
248
239
74
100
424
121
52
183
292
511
161
160
445
442
299
358
176
158
151
59
123
70
139
297
772
216
85
77
82
80
203
324
140
342
114
125
326
317
143
81
216
397
301
250
113
176
159
830
275
120
261
136
159
80
53
139
162
147
279
192
135
49
140
110
79
195
126
705
478
332
425
285
222
62
139
69
102
354
64
446
453
698
421
163
412
317
321
270
114
67
142
87
102
99
38
62
120
213
81
55
87
140
71
130
73
55
112
132
154
93
67
101
53
76
183
59
120
64
52
210
89
144
78
60
59
227
199
66
66
113
169
316
229
66
92
54
187
122
88
110
73
188
546
75
225
85
120
172
157
91
127
120
105
116
256
233
123
152
125
132
219
219
105
92
177
123
253
162
151
168
131
315
116
115
160
124
93
172
102
140
124
113
181
129
160
153
122
190
246
172
168
172
118
217
227
170
279
124
211
257
299
111
315
186
185
529
141
452
147
354
228
168
151
185
159
158
251
182
132
96
91
166
295
136
114
90
173
281
199
150
140
92
356
167
133
125
164
158
230
98
156
134
137
201
161
145
142
151
121
130
53
69
168
174
169
337
155
168
151
251
378
62
116
74
102
254
105
67
63
68
294
63
635
67
410
186
99
117
65
66
144
166
115
101
91
84
164
117
90
114
112
128
187
117
90
134
153
250
116
131
127
73
113
66
94
167
146
160
151
119
125
156
132
130
133
129
153
139
105
137
135
136
118
150
563
106
128
117
89
108
180
138
138
154
147
197
138
610
137
369
92
68
102
64
71
60
79
86
66
65
53
63
78
46
38
76
85
83
61
64
87
67
116
85
80
99
40
79
79
73
104
72
72
68
75
71
83
169
157
124
157
161
154
164
160
139
118
183
299
84
103
146
169
91
181
130
171
135
139
149
218
146
909
128
283
98
162
106
113
121
99
182
103
152
139
105
161
172
115
118
155
136
95
142
104
115
130
107
128
121
97
124
150
135
113
138
131
111
112
124
175
105
109
135
146
176
132
138
150
142
108
91
106
279
96
70
72
145
115
148
114
121
147
154
142
142
129
549
95
188
76
48
119
92
129
141
124
92
165
125
115
106
133
151
163
156
156
70
59
41
70
140
97
73
136
133
156
142
233
155
127
198
179
152
96
135
129
117
138
102
154
107
97
118
151
159
154
186
143
96
127
149
120
151
117
179
122
140
170
113
214
152
718
138
237
108
158
145
167
123
139
74
101
86
123
115
96
120
84
73
91
77
81
68
101
57
74
76
91
91
107
77
56
171
63
72
90
68
96
77
70
78
75
92
88
58
75
107
78
194
115
458
189
75
121
94
97
121
103
99
266
100
166
124
101
131
139
556
85
395
82
113
93
77
78
76
73
97
90
88
71
86
164
153
114
206
87
190
41
91
165
180
92
76
178
159
49
195
96
173
196
289
96
111
165
417
163
104
204
253
239
296
91
105
141
230
232
71
119
98
87
89
92
74
101
78
108
94
120
126
158
96
298
79
201
113
66
84
95
96
81
70
81
80
42
71
102
70
71
92
70
68
96
88
86
51
70
81
68
70
80
99
81
66
98
76
79
70
57
89
88
75
86
63
67
84
70
167
135
220
89
85
136
121
103
118
144
102
102
131
136
146
286
158
436
190
125
483
106
309
149
83
74
151
60
227
78
67
98
123
78
76
79
136
101
88
110
139
105
139
51
62
110
72
99
93
55
64
157
86
81
77
70
76
177
69
106
81
95
62
83
168
154
257
141
132
127
131
131
147
146
133
116
136
135
136
131
134
132
118
359
109
522
75
235
119
62
50
90
129
92
202
85
75
109
94
71
66
67
149
106
92
116
89
93
83
118
101
86
97
92
121
87
87
96
95
83
108
100
76
164
131
102
149
137
91
104
264
97
71
123
78
75
108
94
80
100
84
103
82
52
93
187
95
178
94
152
724
85
345
104
97
60
130
105
92
67
112
143
106
88
56
68
156
60
80
112
113
180
120
119
108
116
183
150
143
155
122
144
135
127
122
160
117
116
147
170
151
108
168
159
407
148
151
134
128
136
141
95
141
100
164
147
168
111
195
186
115
231
124
150
215
363
233
276
96
143
155
113
120
158
133
139
142
142
136
104
45
120
74
161
88
68
81
85
126
57
90
75
82
90
73
64
116
111
105
88
64
42
120
63
82
96
