536
108
232
59
76
112
84
153
119
128
129
109
157
135
199
129
266
433
201
308
289
152
179
116
177
173
121
94
106
205
113
379
333
146
146
130
182
545
345
146
154
118
115
144
130
176
125
127
144
130
168
119
196
122
149
112
108
138
88
219
109
164
116
88
304
569
112
238
114
93
72
99
110
133
115
95
113
98
100
139
121
91
132
99
65
63
95
184
197
67
99
89
211
123
85
100
127
145
122
185
114
94
106
122
149
152
110
133
108
164
148
133
115
130
131
115
124
123
125
132
157
95
168
149
166
195
179
159
320
172
382
156
242
168
141
199
154
138
170
159
152
155
148
155
166
71
116
99
90
66
104
99
113
106
86
65
95
186
54
87
85
101
113
114
146
614
631
285
608
531
272
295
457
441
182
145
165
156
510
129
165
159
172
145
155
136
130
238
143
173
128
273
409
161
190
393
426
278
98
940
164
869
193
176
164
191
140
965
873
161
163
182
965
143
227
164
174
185
134
183
71
125
76
134
187
190
156
132
142
186
164
169
166
186
140
176
168
167
187
166
180
175
168
150
170
172
152
158
170
179
134
172
141
170
176
154
310
184
153
124
462
109
186
105
126
121
128
131
100
139
117
164
119
144
65
100
172
97
91
103
141
162
114
66
94
138
100
87
84
146
91
128
92
93
144
125
84
99
132
122
112
94
84
95
124
78
101
128
122
156
102
89
74
142
118
97
112
160
146
264
279
144
247
157
151
367
131
243
136
126
144
143
151
150
139
102
146
88
65
73
39
121
77
163
140
124
122
112
82
127
129
98
99
156
125
99
126
130
102
133
130
158
135
76
84
122
137
132
145
147
146
136
112
125
138
96
135
118
137
136
127
124
142
145
522
191
150
145
150
162
909
142
314
191
186
151
137
149
164
160
181
148
105
100
118
121
120
136
124
103
121
132
156
102
114
117
156
158
129
122
128
122
92
129
121
154
124
132
137
118
120
133
128
123
137
129
134
125
143
109
113
137
143
103
103
146
130
326
546
161
138
132
149
165
156
479
145
397
130
126
139
127
153
102
130
94
91
104
78
76
101
97
76
66
75
74
102
75
169
71
106
131
89
74
67
122
134
135
116
141
136
141
125
130
143
130
161
166
145
143
142
120
140
147
166
136
136
149
135
138
106
132
128
245
132
74
62
100
147
106
369
67
219
65
56
103
67
101
74
52
65
70
60
69
69
54
63
73
64
62
62
48
51
219
83
87
98
65
44
77
66
65
232
64
64
66
44
90
71
62
106
83
59
112
69
42
217
60
199
43
162
30
134
95
141
58
80
351
167
158
158
149
174
211
162
573
155
239
167
169
153
154
209
206
70
61
89
175
153
154
181
159
177
170
152
154
154
139
171
104
66
52
158
77
65
85
116
148
106
108
90
65
161
187
158
162
162
154
170
166
158
155
159
155
134
139
132
149
153
136
165
294
145
178
170
161
173
157
158
154
483
140
243
129
136
132
135
260
140
87
46
138
66
104
97
93
69
78
106
156
92
96
65
88
126
73
62
66
79
117
84
70
93
125
75
48
77
58
253
74
52
131
72
64
75
48
125
85
81
103
59
48
98
62
98
231
65
95
85
84
66
65
152
75
111
359
86
366
72
101
75
110
132
86
76
129
119
103
88
88
261
161
175
133
146
149
166
139
160
150
159
141
124
150
148
185
142
171
109
100
154
126
120
134
77
155
130
88
123
97
132
109
108
110
143
68
85
127
162
287
77
66
56
137
84
82
63
324
340
99
381
195
241
75
148
103
140
138
182
140
250
143
137
120
64
140
82
188
126
118
97
161
163
136
155
136
140
166
121
185
137
66
160
134
143
156
120
176
104
63
86
141
126
297
104
62
214
107
121
96
123
88
125
296
91
149
369
95
112
121
131
137
206
551
118
371
113
281
146
153
142
116
106
134
135
70
165
130
184
152
114
133
326
129
157
170
156
170
130
119
165
141
160
167
147
139
102
123
80
52
158
136
139
130
71
135
158
108
119
97
113
127
66
72
129
80
165
226
105
114
135
554
66
73
134
159
122
122
90
222
485
124
250
157
71
50
62
57
104
74
76
73
35
50
66
50
71
46
75
102
75
97
77
73
61
64
77
85
77
54
82
220
137
61
74
140
60
75
74
130
56
90
97
81
107
82
97
106
56
72
140
400
125
124
124
154
119
124
112
124
161
143
139
140
132
521
108
492
280
96
121
105
154
169
128
115
164
162
140
257
131
173
105
111
133
74
61
94
112
110
82
84
74
152
72
94
82
91
233
119
96
40
129
54
727
477
435
860
699
360
495
348
270
167
161
347
368
76
80
80
92
184
142
70
83
168
100
98
91
97
588
98
284
67
82
142
96
158
279
93
75
86
89
139
69
111
580
403
831
309
164
410
158
330
313
427
247
154
387
112
207
158
142
212
161
172
245
434
149
325
171
395
468
263
289
246
366
251
404
408
565
617
214
504
269
301
198
421
464
414
716
752
664
762
424
501
267
466
245
369
80
286
158
356
167
237
635
614
85
92
647
186
103
142
133
114
121
300
195
156
207
255
160
268
345
105
115
182
127
140
111
131
213
96
121
127
108
154
191
126
104
89
117
174
286
81
133
94
138
180
95
147
109
247
189
166
218
99
107
380
287
167
311
127
119
573
157
134
102
136
367
103
92
121
145
140
114
137
61
101
290
315
134
103
119
118
129
292
105
79
88
206
155
121
171
112
132
116
129
138
117
116
122
198
88
122
144
131
209
264
216
174
116
132
346
131
96
125
116
205
203
279
151
135
147
423
134
161
71
75
85
110
118
121
113
122
141
124
188
144
145
114
83
113
188
112
110
122
176
177
83
71
105
103
110
135
352
461
641
139
212
153
176
150
444
338
552
196
808
109
190
237
834
401
225
161
69
99
103
145
80
142
197
106
118
223
157
128
254
109
452
115
240
88
95
82
168
119
126
158
66
139
157
169
155
123
214
487
134
299
234
589
198
125
103
141
236
128
142
114
125
107
90
101
65
107
357
788
143
142
177
967
126
102
598
288
289
138
147
292
135
117
110
160
141
365
50
112
300
478
291
140
126
248
272
494
144
272
191
120
132
127
212
85
160
101
212
127
137
101
222
99
60
133
113
270
72
115
171
84
111
94
111
67
100
105
78
57
223
82
78
75
93
84
72
186
100
63
174
187
242
42
67
69
111
183
243
57
50
41
290
49
199
91
108
141
381
122
149
129
337
267
578
454
225
402
368
648
257
610
862
749
561
762
510
418
188
302
560
439
422
258
818
319
521
199
962
549
708
962
962
503
814
790
301
217
326
647
242
163
475
277
251
968
968
742
734
242
90
236
201
690
968
734
225
219
566
842
968
938
396
451
603
177
733
968
297
366
663
91
159
147
176
221
217
110
145
192
167
171
187
364
452
429
700
236
192
373
297
159
507
840
567
144
234
410
168
142
375
497
179
135
591
442
106
103
