854
161
210
85
106
141
117
114
124
135
161
101
131
133
117
130
136
106
127
87
87
131
100
111
125
101
115
72
103
113
117
121
107
123
109
88
104
107
104
89
122
88
97
95
109
94
119
175
138
130
114
155
117
171
83
99
140
152
135
398
143
297
148
114
400
672
144
297
130
134
166
187
122
170
115
150
122
172
133
130
122
122
112
56
184
81
156
83
87
165
83
174
63
108
161
99
143
93
81
104
102
114
82
88
166
136
120
105
119
184
156
100
73
62
139
131
67
92
99
68
134
78
72
70
113
127
83
85
251
149
662
63
303
91
121
44
71
84
79
106
69
101
75
75
39
92
100
78
73
76
72
104
67
75
84
58
179
112
129
97
143
372
95
76
115
82
52
154
77
72
83
69
109
79
84
83
90
66
92
73
82
132
99
51
69
84
95
57
93
149
77
105
375
109
78
376
68
340
75
26
80
71
73
60
63
68
75
54
57
83
71
38
64
69
65
66
78
74
74
43
90
54
48
73
83
92
86
54
53
79
47
70
44
86
69
57
61
68
69
61
69
89
78
81
46
40
70
74
93
70
71
76
201
90
81
105
382
128
115
94
341
117
431
99
105
108
110
99
99
99
107
84
93
104
120
90
99
86
91
110
110
81
104
106
96
116
94
69
120
118
113
98
87
89
101
102
91
92
95
118
89
71
98
99
114
90
81
110
100
88
102
71
101
107
90
86
105
103
114
110
319
245
164
141
154
628
187
334
389
68
88
83
62
50
64
71
58
89
70
73
44
75
93
76
65
75
82
69
54
80
75
73
86
111
110
62
56
69
70
79
72
87
67
80
83
89
58
66
90
63
72
71
79
81
72
58
88
170
125
127
137
93
183
159
257
167
155
133
153
148
561
150
262
165
165
140
145
177
155
153
166
116
147
110
110
147
147
193
157
164
124
155
196
179
163
125
127
171
166
135
144
177
130
124
136
158
150
155
129
154
156
118
167
164
145
142
134
155
141
159
145
82
143
165
161
158
134
147
474
136
154
126
139
154
150
517
122
237
259
140
119
135
126
119
109
136
92
123
29
116
99
66
122
103
78
146
97
112
84
76
75
116
50
86
81
81
80
68
92
127
56
63
84
66
95
66
70
133
98
170
235
138
77
129
112
96
83
45
97
99
97
78
73
307
88
37
43
66
108
173
541
81
228
60
117
63
91
69
79
130
81
68
60
103
81
80
68
56
69
66
128
83
64
89
112
95
39
69
60
67
97
68
34
53
95
58
49
46
57
112
46
129
105
101
90
80
104
106
110
67
93
960
110
111
114
86
126
256
95
113
64
94
98
59
98
358
44
275
93
132
119
110
133
102
76
64
40
47
47
74
35
32
65
62
47
66
44
65
77
66
43
62
49
53
66
38
58
76
60
45
66
73
46
40
83
55
69
45
57
37
70
59
64
72
57
61
45
62
53
53
126
249
133
143
127
147
141
149
150
130
539
117
223
133
128
130
161
105
61
39
73
51
37
66
41
52
74
75
40
48
57
68
70
89
49
37
59
102
66
53
22
54
62
57
53
41
62
66
77
77
83
63
61
85
73
68
62
74
57
46
66
34
74
69
71
230
99
150
145
148
123
152
151
151
152
761
124
382
133
122
126
83
42
57
72
79
81
79
62
59
54
57
49
63
58
58
63
89
55
59
58
52
48
64
63
69
71
50
52
58
61
43
56
55
63
60
63
70
65
69
57
54
63
39
48
69
65
33
126
185
55
48
63
77
78
63
51
79
123
82
363
110
201
38
78
100
76
75
56
62
188
84
68
50
68
69
63
67
60
48
62
62
68
34
50
63
39
46
40
40
118
82
126
111
86
138
131
120
141
97
171
132
117
175
121
130
96
163
125
128
170
124
78
379
85
141
72
182
167
88
176
257
165
193
176
367
133
254
121
105
161
93
110
111
70
137
118
111
188
95
161
99
167
176
96
132
140
135
85
103
116
132
327
142
92
157
190
244
115
104
128
273
140
114
202
219
193
99
98
92
175
335
317
120
117
239
270
227
73
80
54
104
302
162
77
82
300
283
181
107
386
45
427
331
83
51
77
57
317
186
79
61
71
140
96
168
152
70
95
173
401
79
58
68
58
61
219
84
158
83
66
317
73
62
83
99
69
116
144
70
99
74
126
565
77
97
62
58
139
250
135
198
120
111
158
127
145
110
120
119
319
169
111
228
167
582
299
239
78
166
90
274
556
261
175
73
119
72
71
106
78
58
342
107
88
73
80
217
128
153
74
68
56
89
93
52
65
62
149
166
71
91
70
72
156
67
72
96
58
82
192
41
74
102
87
120
290
65
77
86
71
222
46
79
81
49
149
490
117
73
805
35
295
107
53
85
57
61
201
58
53
57
58
124
139
32
66
69
84
92
170
58
61
92
179
128
478
395
481
960
900
310
298
303
411
56
93
116
72
199
87
43
80
194
73
62
56
243
94
90
277
78
84
105
94
91
86
90
134
115
104
117
271
186
332
420
101
297
334
78
66
69
69
73
150
44
103
69
107
185
172
92
75
78
144
329
120
64
61
147
59
225
100
73
73
65
305
143
93
77
207
161
114
134
210
114
121
224
187
146
110
113
219
234
212
93
164
230
243
184
123
136
179
552
200
165
174
185
425
216
336
121
310
339
200
102
147
189
102
897
765
130
305
268
71
118
131
138
175
117
48
152
74
285
168
59
111
130
89
180
100
91
78
75
218
79
120
100
78
140
92
135
87
69
76
301
106
143
233
71
184
112
72
85
82
114
158
265
203
297
436
148
331
407
204
595
440
385
129
185
173
202
279
118
336
331
173
201
206
280
268
304
127
267
346
177
169
449
281
241
82
427
174
151
138
259
206
157
182
397
439
112
191
200
111
110
150
209
210
133
183
661
221
70
119
478
674
140
127
764
213
121
161
408
750
213
91
112
104
110
551
105
500
75
132
163
77
100
66
113
150
80
122
125
118
102
163
464
143
151
168
176
322
250
137
235
357
81
100
167
375
161
99
188
414
173
149
174
639
208
162
138
179
702
216
167
287
405
327
411
203
580
203
165
101
267
839
437
141
446
463
159
155
437
450
522
202
281
455
134
140
89
118
133
132
111
125
151
130
106
128
129
111
106
132
151
110
137
118
119
139
137
132
128
135
122
193
151
132
140
134
110
126
140
134
134
118
87
94
116
204
75
64
83
57
43
80
85
83
72
68
61
83
52
81
142
61
145
100
138
457
89
478
30
73
67
64
81
99
52
75
94
93
57
52
93
63
57
59
63
123
48
70
65
80
54
61
85
101
153
143
143
115
121
115
106
103
125
125
141
141
120
164
142
260
157
143
145
160
158
145
161
143
123
130
146
160
152
151
140
196
55
246
77
94
357
64
332
71
61
79
66
60
77
77
88
85
47
73
55
73
44
65
77
78
68
104
42
60
64
81
172
173
175
149
155
142
158
161
139
153
141
154
136
144
149
