838
121
230
91
107
122
117
96
107
121
129
73
159
138
115
115
162
161
126
86
62
81
116
119
117
122
79
109
90
95
291
76
118
109
82
57
72
144
137
96
91
101
147
104
76
98
160
183
138
91
77
115
164
127
94
99
119
120
163
463
164
146
133
149
483
553
206
178
99
118
137
119
132
151
194
965
177
118
124
178
793
297
170
288
298
147
201
238
475
465
266
352
411
95
186
311
358
75
274
423
115
131
120
336
313
165
115
595
370
109
157
178
756
248
325
301
131
159
90
921
194
156
234
731
374
174
274
833
300
165
624
489
207
97
77
754
318
106
119
176
338
169
40
68
73
92
76
81
50
102
67
80
106
75
118
60
113
149
96
91
89
113
76
59
82
96
98
65
94
102
79
76
74
59
76
67
82
78
68
80
80
92
97
89
66
70
78
91
87
149
113
133
180
133
264
617
129
114
97
119
119
115
119
101
115
117
116
99
112
94
68
55
64
64
93
85
68
136
115
118
167
116
114
111
112
143
142
109
110
136
119
104
111
134
105
114
103
120
120
90
134
111
118
115
94
120
132
96
100
116
118
159
91
71
65
72
176
169
223
146
502
171
145
123
130
126
147
111
121
115
109
128
133
106
85
51
59
103
69
85
52
65
116
111
55
52
73
76
85
98
78
46
60
69
55
50
54
65
78
73
69
74
81
70
85
72
47
50
67
74
70
84
84
93
163
154
169
150
127
138
156
134
221
135
145
504
110
109
94
113
113
96
104
111
113
95
90
70
66
62
62
52
43
61
64
151
101
67
63
59
72
52
66
87
56
66
59
59
47
69
62
68
76
49
58
64
64
30
51
81
58
87
99
87
58
52
134
129
125
95
69
104
122
137
179
137
257
178
200
136
553
120
145
136
137
144
143
141
143
99
135
153
161
108
117
123
122
133
154
122
110
148
124
129
125
121
110
144
118
229
117
140
121
105
124
129
134
128
161
126
145
104
124
143
118
115
116
131
129
169
129
128
110
141
119
121
136
171
137
110
362
71
113
117
68
612
71
92
87
75
102
96
106
98
110
87
100
50
71
77
136
137
116
112
111
104
116
108
118
87
133
141
142
110
108
104
105
57
68
74
76
63
75
60
76
52
80
75
69
50
80
83
122
32
66
68
90
53
63
42
63
66
102
137
131
404
93
111
113
83
608
70
81
57
70
73
75
74
74
93
66
67
73
176
126
112
118
89
100
94
103
156
75
78
126
104
139
129
124
109
79
78
103
135
109
79
126
80
146
90
121
150
125
430
682
112
160
162
962
570
99
137
267
961
148
148
286
466
436
384
152
954
683
191
115
772
386
402
122
176
735
276
194
291
474
163
323
154
438
376
445
423
389
108
135
368
397
480
38
206
165
430
197
63
514
145
85
78
228
565
197
127
116
98
165
136
98
82
95
117
95
86
85
95
96
64
95
77
101
69
122
132
120
261
122
149
148
149
136
148
431
131
129
96
116
113
125
88
80
93
52
68
60
74
70
77
59
55
60
62
55
76
61
89
106
63
63
60
60
109
100
95
83
59
41
72
81
58
83
57
71
65
73
61
84
85
93
93
74
107
150
114
120
97
155
121
134
206
143
197
311
217
129
151
153
483
136
135
125
99
134
96
76
90
80
78
72
59
99
80
77
74
50
78
69
72
73
82
74
40
136
101
58
88
74
106
107
80
65
90
77
57
62
65
84
91
84
99
83
71
96
57
85
58
97
75
162
83
93
121
102
135
81
95
86
96
281
132
104
127
533
117
106
96
105
64
72
78
105
96
65
220
106
83
107
93
73
86
95
46
101
201
89
124
78
144
104
71
94
115
68
120
74
68
173
82
117
118
124
88
128
134
93
92
173
81
194
93
84
163
105
604
391
216
212
451
722
426
219
646
948
213
287
482
687
689
842
570
171
248
194
360
725
300
127
83
81
177
167
561
965
230
139
259
130
449
530
403
138
153
124
176
191
215
727
219
93
250
254
655
440
364
594
332
82
136
328
965
326
166
946
511
76
369
565
719
272
157
172
220
150
172
159
165
177
176
131
125
67
99
597
121
88
103
90
93
83
138
109
103
71
142
74
103
101
107
219
142
145
190
123
178
73
100
81
100
164
159
91
84
119
62
204
157
388
277
140
146
178
968
267
132
343
814
163
186
153
486
263
359
157
461
468
218
158
197
248
209
194
139
246
176
481
333
402
767
278
185
844
236
129
138
135
460
90
144
574
201
115
110
363
280
107
127
322
546
163
73
700
435
160
145
324
303
195
103
390
187
150
116
332
166
121
132
100
111
116
114
107
85
107
116
116
97
111
125
112
112
278
113
175
113
107
171
144
88
56
112
71
147
632
65
69
115
78
81
46
64
63
69
68
74
55
60
117
52
55
76
112
85
52
88
118
79
64
75
70
50
63
76
61
67
88
70
63
75
89
50
76
24
104
60
52
63
40
113
60
42
129
93
100
83
174
402
85
46
68
81
86
99
141
99
111
97
100
619
85
65
48
77
226
69
85
84
97
122
74
78
56
137
96
96
79
86
133
113
73
64
77
166
63
74
58
77
79
76
80
101
69
56
52
80
77
50
84
52
287
77
64
122
79
90
128
125
104
91
177
117
119
130
111
128
142
145
151
180
173
54
157
103
531
72
86
85
91
75
82
81
91
81
68
86
105
74
88
117
110
94
79
80
91
76
86
85
84
45
72
92
99
78
100
76
55
85
87
149
91
84
102
81
89
73
67
99
85
99
125
147
80
71
189
66
58
84
91
100
93
92
85
90
86
40
155
131
109
462
92
90
73
66
90
89
80
100
61
65
84
52
60
101
83
82
89
95
68
79
80
109
70
80
71
87
73
61
75
101
86
86
83
95
76
83
96
85
82
88
99
112
84
79
141
117
106
102
315
89
80
89
122
107
97
92
81
129
110
55
127
130
145
120
964
92
93
95
88
98
93
87
81
98
71
87
136
79
125
61
92
72
84
86
80
114
97
118
93
117
105
271
156
134
111
226
85
109
95
123
648
507
151
103
181
523
652
221
433
349
139
243
271
416
667
218
161
143
115
126
373
515
158
196
907
464
98
171
961
855
137
136
686
324
152
276
854
289
288
214
800
198
247
326
316
276
153
239
520
290
411
367
326
336
153
210
451
223
284
167
139
149
147
112
140
143
153
150
151
124
148
123
93
112
98
113
199
99
76
81
69
71
92
73
73
89
58
46
75
102
78
95
141
128
495
42
77
64
71
58
65
82
117
61
77
104
84
122
83
73
67
81
75
80
125
81
73
98
61
95
83
109
121
94
92
95
116
115
117
109
106
119
99
119
109
97
113
103
118
85
218
111
121
113
128
89
101
115
85
84
113
103
203
81
56
61
93
118
89
783
83
58
56
66
72
71
56
110
45
89
61
85
68
89
55
77
99
90
75
49
67
74
69
51
64
91
92
40
45
73
54
66
63
64
104
104
108
81
115
99
