566
240
141
160
131
125
127
125
130
128
124
125
115
132
121
128
111
125
127
146
139
153
229
228
160
175
121
180
119
115
208
68
52
83
83
63
53
99
66
75
127
182
123
135
105
127
105
123
124
123
107
131
114
116
123
127
111
136
127
121
110
135
135
119
86
104
367
195
175
57
55
62
59
66
67
71
43
53
68
53
65
80
79
65
47
70
56
68
59
80
80
39
70
80
151
141
113
190
215
172
162
129
118
123
124
150
112
110
115
121
126
114
105
127
130
134
124
116
128
118
115
110
117
135
111
140
152
134
144
169
159
399
211
145
389
136
251
133
128
127
117
110
128
108
117
79
66
63
73
54
68
58
74
82
65
81
59
65
165
250
157
140
209
190
188
97
91
80
76
60
52
72
61
55
69
64
100
100
72
57
70
83
72
76
42
65
71
57
69
46
68
64
59
91
55
65
349
77
209
66
57
213
69
79
183
67
56
51
47
67
60
56
47
58
61
69
50
54
74
68
80
85
175
94
175
171
190
102
55
76
62
52
71
87
56
48
51
82
80
47
60
69
78
64
50
91
64
59
65
64
74
60
54
53
58
47
101
80
82
100
64
214
76
143
209
131
138
126
214
100
108
109
259
119
93
74
58
75
183
59
92
87
80
80
70
74
169
143
122
189
152
144
154
129
100
94
161
112
106
78
52
137
105
108
106
117
121
102
108
153
149
120
119
88
108
111
106
112
100
78
55
92
54
89
68
76
307
65
69
90
189
67
47
53
63
146
61
73
68
70
199
108
111
119
99
98
117
87
66
72
153
110
149
145
134
63
85
68
101
71
69
78
53
127
145
63
79
84
104
90
74
135
132
84
78
61
62
70
47
57
77
55
64
55
103
91
64
70
78
65
64
187
102
75
76
288
352
135
138
125
138
132
287
114
117
141
119
113
175
89
99
99
62
81
182
95
140
142
79
58
119
95
72
53
118
69
109
124
122
141
130
107
121
113
116
115
118
109
111
91
117
97
116
119
94
112
91
106
129
146
149
136
100
124
98
81
147
50
114
80
71
150
368
86
126
107
112
98
62
194
74
90
83
48
93
73
188
75
182
123
152
202
154
77
137
85
68
85
78
142
70
68
81
120
173
72
56
59
96
98
118
123
125
86
116
110
104
117
110
106
114
102
100
133
118
128
127
147
116
111
113
241
123
58
73
79
47
71
245
61
98
59
55
69
91
181
234
142
142
110
165
136
209
164
400
172
161
156
146
145
134
145
162
134
112
95
71
75
73
79
73
82
77
78
65
116
181
148
92
113
91
58
89
61
66
65
130
169
151
160
122
135
133
135
99
107
244
141
101
83
81
87
101
93
307
88
78
89
76
93
105
94
101
237
64
60
194
175
127
249
106
84
400
108
90
123
109
123
144
120
129
118
121
99
100
113
125
133
119
124
121
130
107
101
117
124
122
127
112
87
138
154
152
146
112
152
141
151
125
157
147
281
133
168
166
122
160
150
132
128
241
141
120
124
138
145
152
70
78
86
254
117
149
149
177
119
138
138
155
155
264
157
144
156
142
147
152
119
145
142
156
140
144
146
146
162
120
112
88
103
106
150
89
88
142
153
143
137
134
143
135
137
133
137
131
115
255
150
137
99
154
138
141
131
127
131
245
129
163
123
138
80
52
68
171
85
88
239
263
168
141
136
140
132
117
159
143
135
384
164
131
116
158
143
145
135
137
114
149
117
109
114
144
128
139
133
112
133
128
95
93
76
77
73
73
92
92
83
82
78
71
212
102
122
90
106
98
91
94
112
103
82
236
94
77
77
57
87
136
115
118
178
219
80
194
98
93
86
64
98
87
81
64
103
113
81
261
86
103
99
74
105
84
83
80
107
70
86
92
92
80
101
139
124
121
118
118
101
113
116
83
66
41
70
75
60
165
60
82
70
104
101
83
60
47
78
87
81
218
79
51
61
156
105
156
218
152
107
80
82
45
184
51
109
57
78
46
61
60
54
66
115
94
71
223
71
64
73
62
58
68
73
60
43
72
74
135
143
144
157
144
137
167
134
229
143
139
144
111
137
142
338
127
142
141
145
154
151
136
146
129
140
143
40
184
59
186
97
167
165
190
89
70
86
94
81
95
89
228
84
51
69
70
74
89
93
64
72
82
68
68
65
294
66
81
52
68
56
65
67
122
108
81
100
96
105
130
106
104
88
124
108
90
81
81
70
171
131
91
85
73
84
53
81
91
86
77
88
64
86
268
117
155
293
152
87
170
96
102
91
87
93
75
83
59
95
82
79
62
101
82
94
63
147
130
80
84
92
74
78
296
91
59
70
259
115
92
94
180
166
128
125
120
134
114
119
116
130
129
115
124
241
128
129
124
126
133
102
120
122
109
102
52
90
245
168
362
350
123
131
358
100
80
97
81
152
152
146
108
136
132
131
271
137
126
135
146
138
129
130
144
121
108
130
128
120
116
118
127
102
112
133
205
81
91
97
105
101
70
97
99
129
100
91
89
92
192
90
111
86
172
97
99
106
124
101
52
58
172
100
178
160
240
97
93
112
113
107
97
97
102
91
49
43
68
75
91
66
63
186
47
96
129
55
98
76
48
75
52
58
70
52
121
108
107
118
107
120
138
95
199
114
132
191
147
135
110
115
115
119
133
184
106
108
111
173
67
68
71
88
54
113
297
201
220
293
188
92
292
135
114
121
114
121
212
131
120
111
110
115
118
92
83
61
86
125
357
114
84
77
80
79
52
74
80
66
147
157
162
140
121
121
121
103
116
125
126
123
223
126
126
125
123
156
112
144
201
115
133
98
123
121
99
114
64
45
172
99
141
388
253
194
147
116
259
133
136
142
133
114
120
164
142
121
144
113
120
131
133
139
116
180
158
288
129
109
116
133
113
118
166
115
112
133
113
131
110
121
74
71
72
315
192
143
182
186
224
119
131
122
128
428
193
137
113
126
97
98
72
68
156
144
154
146
118
79
94
90
65
86
238
56
68
80
83
115
92
58
64
75
72
67
71
153
179
184
123
150
125
109
241
101
66
66
75
68
61
67
96
70
71
54
66
76
69
73
53
57
48
94
63
83
68
95
190
67
195
57
85
50
73
73
53
162
230
189
198
211
203
165
130
103
132
95
121
122
200
74
42
99
59
68
66
59
69
71
160
170
90
70
62
74
115
118
193
101
60
155
185
88
198
71
65
84
98
117
95
71
78
90
87
92
77
149
129
121
140
186
108
188
122
255
221
52
67
50
61
40
256
202
186
175
169
87
77
69
113
90
92
84
105
108
359
68
160
103
36
57
54
43
54
68
52
62
59
50
63
69
56
50
47
46
126
109
77
71
92
312
39
64
77
61
88
96
89
95
95
74
96
106
100
77
81
71
69
88
171
86
102
60
167
49
167
208
178
194
183
62
60
80
49
82
106
36
67
100
51
63
204
35
59
95
83
74
86
89
91
96
97
72
77
75
93
92
95
68
